MIN=0	0	0	0	0
MAX=50	10	10	10	70
SCALE=50	5	5	5	10
DEC=1	2	2	2	2
DEF="Time" t / s	"Voltage" U_A1 / V	"Voltage" U_B1 / V	"Anode" U_A / V	"Acceleration voltage" U_B / V
0	-0.07	0	-0.07	0
0.099	-0.07	0	-0.07	0
0.199	-0.065	0	-0.065	0
0.299	-0.065	0	-0.065	0
0.399	-0.065	0	-0.065	0
0.499	-0.065	0	-0.065	0
0.599	-0.065	0	-0.065	0
0.699	-0.065	0	-0.065	0
0.799	-0.065	0	-0.065	0
0.899	-0.065	0	-0.065	0
0.999	-0.065	0	-0.065	0
1.099	-0.065	0	-0.065	0
1.199	-0.07	0	-0.07	0
1.299	-0.065	0	-0.065	0
1.399	-0.07	0	-0.07	0
1.499	-0.065	0	-0.065	0
1.599	-0.065	0	-0.065	0
1.699	-0.065	0	-0.065	0
1.799	-0.065	0	-0.065	0
1.899	-0.065	0	-0.065	0
1.999	-0.07	0	-0.07	0
2.099	-0.06	0.2	-0.06	0.2
2.199	-0.07	0.35	-0.07	0.35
2.299	-0.06	0.5	-0.06	0.5
2.399	-0.065	0.7	-0.065	0.7
2.499	-0.06	0.85	-0.06	0.85
2.599	-0.065	1.05	-0.065	1.05
2.7	-0.065	1.2	-0.065	1.2
2.799	-0.065	1.35	-0.065	1.35
2.899	-0.06	1.5	-0.06	1.5
2.999	-0.065	1.7	-0.065	1.7
3.099	-0.06	1.85	-0.06	1.85
3.199	-0.065	2.05	-0.065	2.05
3.299	-0.06	2.2	-0.06	2.2
3.399	-0.065	2.35	-0.065	2.35
3.499	-0.06	2.5	-0.06	2.5
3.599	-0.065	2.7	-0.065	2.7
3.699	-0.065	2.85	-0.065	2.85
3.799	-0.065	3	-0.065	3
3.899	-0.065	3.15	-0.065	3.15
3.999	-0.065	3.35	-0.065	3.35
4.099	-0.07	3.5	-0.07	3.5
4.199	-0.065	3.7	-0.065	3.7
4.299	-0.065	3.85	-0.065	3.85
4.399	-0.065	4	-0.065	4
4.499	-0.07	4.15	-0.07	4.15
4.599	-0.065	4.35	-0.065	4.35
4.699	-0.07	4.5	-0.07	4.5
4.799	-0.06	4.7	-0.06	4.7
4.899	-0.065	4.85	-0.065	4.85
4.999	-0.065	5	-0.065	5
5.099	-0.065	5.2	-0.065	5.2
5.199	-0.06	5.35	-0.06	5.35
5.299	-0.06	5.5	-0.06	5.5
5.399	-0.05	5.7	-0.05	5.7
5.499	-0.055	5.85	-0.055	5.85
5.599	-0.035	6	-0.035	6
5.699	-0.035	6.2	-0.035	6.2
5.799	-0.02	6.35	-0.02	6.35
5.899	-0.02	6.5	-0.02	6.5
5.999	-0.005	6.7	-0.005	6.7
6.099	-0.015	6.85	-0.015	6.85
6.199	0	7	0	7
6.299	-0.005	7.2	-0.005	7.2
6.399	0	7.35	0	7.35
6.499	-0.015	7.55	-0.015	7.55
6.599	0	7.7	0	7.7
6.699	-0.01	7.85	-0.01	7.85
6.799	-0.005	8	-0.005	8
6.899	-0.015	8.2	-0.015	8.2
6.999	-0.01	8.35	-0.01	8.35
7.099	-0.025	8.55	-0.025	8.55
7.199	-0.015	8.7	-0.015	8.7
7.299	-0.02	8.9	-0.02	8.9
7.399	-0.005	9.05	-0.005	9.05
7.499	-0.005	9.2	-0.005	9.2
7.599	0.005	9.35	0.005	9.35
7.699	0.02	9.55	0.02	9.55
7.799	0.04	9.7	0.04	9.7
7.899	0.06	9.85	0.06	9.85
7.999	0.09	10.05	0.09	10.05
8.099	0.12	10.2	0.12	10.2
8.199	0.16	10.35	0.16	10.35
8.299	0.2	10.55	0.2	10.55
8.399	0.255	10.7	0.255	10.7
8.499	0.305	10.85	0.305	10.85
8.599	0.37	11.05	0.37	11.05
8.699	0.405	11.2	0.405	11.2
8.799	0.435	11.35	0.435	11.35
8.899	0.44	11.5	0.44	11.5
8.999	0.4	11.7	0.4	11.7
9.099	0.37	11.85	0.37	11.85
9.199	0.325	12.05	0.325	12.05
9.299	0.28	12.2	0.28	12.2
9.399	0.23	12.35	0.23	12.35
9.499	0.195	12.55	0.195	12.55
9.599	0.155	12.7	0.155	12.7
9.699	0.115	12.85	0.115	12.85
9.799	0.085	13.05	0.085	13.05
9.899	0.07	13.2	0.07	13.2
9.999	0.055	13.4	0.055	13.4
10.099	0.055	13.55	0.055	13.55
10.199	0.06	13.7	0.06	13.7
10.299	0.08	13.85	0.08	13.85
10.399	0.105	14.05	0.105	14.05
10.499	0.145	14.2	0.145	14.2
10.599	0.2	14.4	0.2	14.4
10.699	0.255	14.55	0.255	14.55
10.799	0.335	14.7	0.335	14.7
10.899	0.41	14.9	0.41	14.9
10.999	0.505	15.05	0.505	15.05
11.1	0.61	15.2	0.61	15.2
11.2	0.74	15.4	0.74	15.4
11.299	0.865	15.55	0.865	15.55
11.399	1.015	15.7	1.015	15.7
11.499	1.17	15.9	1.17	15.9
11.599	1.27	16.05	1.27	16.05
11.7	1.32	16.25	1.32	16.25
11.8	1.255	16.4	1.255	16.4
11.899	1.13	16.55	1.13	16.55
11.999	0.99	16.75	0.99	16.75
12.099	0.82	16.9	0.82	16.9
12.199	0.685	17.05	0.685	17.05
12.299	0.545	17.2	0.545	17.2
12.399	0.435	17.35	0.435	17.35
12.499	0.325	17.55	0.325	17.55
12.6	0.25	17.7	0.25	17.7
12.7	0.19	17.9	0.19	17.9
12.8	0.15	18.05	0.15	18.05
12.9	0.14	18.25	0.14	18.25
13	0.14	18.4	0.14	18.4
13.1	0.17	18.55	0.17	18.55
13.2	0.215	18.7	0.215	18.7
13.3	0.29	18.9	0.29	18.9
13.4	0.365	19.05	0.365	19.05
13.5	0.485	19.25	0.485	19.25
13.6	0.605	19.4	0.605	19.4
13.699	0.77	19.55	0.77	19.55
13.799	0.94	19.75	0.94	19.75
13.9	1.145	19.9	1.145	19.9
13.999	1.325	20.05	1.325	20.05
14.099	1.575	20.25	1.575	20.25
14.199	1.805	20.4	1.805	20.4
14.299	2.1	20.55	2.1	20.55
14.399	2.38	20.75	2.38	20.75
14.499	2.56	20.9	2.56	20.9
14.599	2.64	21.1	2.64	21.1
14.699	2.54	21.25	2.54	21.25
14.799	2.275	21.4	2.275	21.4
14.899	1.995	21.55	1.995	21.55
14.999	1.675	21.75	1.675	21.75
15.099	1.42	21.9	1.42	21.9
15.199	1.115	22.1	1.115	22.1
15.299	0.88	22.2	0.88	22.2
15.399	0.66	22.4	0.66	22.4
15.499	0.51	22.55	0.51	22.55
15.599	0.385	22.75	0.385	22.75
15.699	0.31	22.9	0.31	22.9
15.799	0.28	23.05	0.28	23.05
15.899	0.29	23.2	0.29	23.2
16	0.34	23.4	0.34	23.4
16.1	0.405	23.6	0.405	23.6
16.2	0.52	23.75	0.52	23.75
16.299	0.66	23.9	0.66	23.9
16.399	0.86	24.05	0.86	24.05
16.499	1.06	24.25	1.06	24.25
16.6	1.335	24.4	1.335	24.4
16.7	1.59	24.55	1.59	24.55
16.8	1.945	24.75	1.945	24.75
16.899	2.27	24.9	2.27	24.9
16.999	2.675	25.1	2.675	25.1
17.1	3.05	25.25	3.05	25.25
17.2	3.49	25.4	3.49	25.4
17.3	3.9	25.6	3.9	25.6
17.399	4.21	25.75	4.21	25.75
17.499	4.395	25.9	4.395	25.9
17.6	4.335	26.05	4.335	26.05
17.7	4.025	26.25	4.025	26.25
17.8	3.65	26.4	3.65	26.4
17.9	3.18	26.6	3.18	26.6
17.999	2.755	26.75	2.755	26.75
18.099	2.245	26.95	2.245	26.95
18.2	1.815	27.1	1.815	27.1
18.3	1.43	27.25	1.43	27.25
18.4	1.135	27.4	1.135	27.4
18.5	0.87	27.55	0.87	27.55
18.604	0.675	27.75	0.675	27.75
18.7	0.59	27.95	0.59	27.95
18.799	0.565	28.05	0.565	28.05
18.9	0.595	28.25	0.595	28.25
19	0.68	28.4	0.68	28.4
19.1	0.84	28.6	0.84	28.6
19.2	1.03	28.75	1.03	28.75
19.3	1.305	28.9	1.305	28.9
19.399	1.575	29.05	1.575	29.05
19.499	1.955	29.25	1.955	29.25
19.6	2.32	29.4	2.32	29.4
19.7	2.775	29.6	2.775	29.6
19.8	3.205	29.75	3.205	29.75
19.9	3.8	29.9	3.8	29.9
20	4.34	30.05	4.34	30.05
20.1	5	30.25	5	30.25
20.2	5.55	30.4	5.55	30.4
20.3	6.13	30.55	6.13	30.55
20.4	6.46	30.7	6.46	30.7
20.499	6.6	30.9	6.6	30.9
20.599	6.475	31.05	6.475	31.05
20.7	6.12	31.25	6.12	31.25
20.8	5.645	31.45	5.645	31.45
20.9	5.11	31.6	5.11	31.6
21	4.375	31.75	4.375	31.75
21.099	3.745	31.9	3.745	31.9
21.2	3.035	32.1	3.035	32.1
21.3	2.525	32.25	2.525	32.25
21.4	2.01	32.4	2.01	32.4
21.5	1.645	32.55	1.645	32.55
21.6	1.355	32.75	1.355	32.75
21.699	1.225	32.9	1.225	32.9
21.8	1.135	33.1	1.135	33.1
21.9	1.15	33.25	1.15	33.25
21.999	1.27	33.4	1.27	33.4
22.1	1.475	33.55	1.475	33.55
22.2	1.79	33.75	1.79	33.75
22.3	2.13	33.9	2.13	33.9
22.4	2.615	34.1	2.615	34.1
22.5	3.11	34.25	3.11	34.25
22.6	3.77	34.45	3.77	34.45
22.7	4.385	34.6	4.385	34.6
22.8	4.85	34.7	4.85	34.7
22.9	4.84	34.7	4.84	34.7
23	4.835	34.7	4.835	34.7
23.1	4.835	34.7	4.835	34.7
23.2	4.835	34.7	4.835	34.7
23.3	4.825	34.7	4.825	34.7
23.4	4.835	34.7	4.835	34.7
23.5	4.825	34.7	4.825	34.7
23.6	4.835	34.7	4.835	34.7
23.7	4.84	34.7	4.84	34.7
23.8	4.83	34.7	4.83	34.7
23.9	4.84	34.7	4.84	34.7
24	4.825	34.7	4.825	34.7
24.1	4.825	34.7	4.825	34.7
24.2	4.825	34.7	4.825	34.7
24.3	4.83	34.7	4.83	34.7
24.4	4.825	34.7	4.825	34.7
24.5	4.825	34.7	4.825	34.7
24.6	4.825	34.7	4.825	34.7
24.7	4.835	34.7	4.835	34.7
24.8	4.83	34.7	4.83	34.7
24.9	4.845	34.7	4.845	34.7
25	4.81	34.7	4.81	34.7
25.1	4.825	34.7	4.825	34.7
25.2	4.835	34.7	4.835	34.7
25.3	4.84	34.7	4.84	34.7
25.4	4.835	34.7	4.835	34.7
25.5	4.835	34.7	4.835	34.7
25.6	4.835	34.7	4.835	34.7
25.7	4.82	34.7	4.82	34.7
25.8	4.83	34.7	4.83	34.7
25.9	4.82	34.7	4.82	34.7
