MIN=0	0	0	0	0
MAX=50	10	10	10	70
SCALE=50	5	5	5	10
DEC=1	2	2	2	2
DEF="Time" t / s	"Voltage" U_A1 / V	"Voltage" U_B1 / V	"Anode" U_A / V	"Acceleration voltage" U_B / V
0	-0.08	0	-0.08	0
0.1	-0.085	0	-0.085	0
0.2	-0.08	0	-0.08	0
0.299	-0.08	0	-0.08	0
0.4	-0.075	0	-0.075	0
0.5	-0.08	0	-0.08	0
0.6	-0.075	0	-0.075	0
0.7	-0.08	0	-0.08	0
0.8	-0.075	0	-0.075	0
0.9	-0.08	0	-0.08	0
1	-0.075	0.1	-0.075	0.1
1.1	-0.08	0.25	-0.08	0.25
1.2	-0.075	0.4	-0.075	0.4
1.3	-0.08	0.6	-0.08	0.6
1.4	-0.08	0.75	-0.08	0.75
1.5	-0.08	0.95	-0.08	0.95
1.6	-0.08	1.1	-0.08	1.1
1.7	-0.08	1.3	-0.08	1.3
1.8	-0.08	1.45	-0.08	1.45
1.9	-0.08	1.6	-0.08	1.6
2	-0.08	1.8	-0.08	1.8
2.099	-0.08	1.95	-0.08	1.95
2.2	-0.08	2.1	-0.08	2.1
2.3	-0.08	2.3	-0.08	2.3
2.4	-0.08	2.45	-0.08	2.45
2.5	-0.085	2.65	-0.085	2.65
2.6	-0.085	2.8	-0.085	2.8
2.7	-0.08	2.95	-0.08	2.95
2.8	-0.08	3.1	-0.08	3.1
2.9	-0.08	3.3	-0.08	3.3
3	-0.085	3.45	-0.085	3.45
3.1	-0.08	3.65	-0.08	3.65
3.2	-0.085	3.8	-0.085	3.8
3.3	-0.08	4	-0.08	4
3.4	-0.08	4.15	-0.08	4.15
3.5	-0.075	4.3	-0.075	4.3
3.6	-0.08	4.5	-0.08	4.5
3.7	-0.075	4.65	-0.075	4.65
3.8	-0.075	4.85	-0.075	4.85
3.899	-0.07	5	-0.07	5
4	-0.075	5.2	-0.075	5.2
4.099	-0.065	5.35	-0.065	5.35
4.2	-0.065	5.5	-0.065	5.5
4.3	-0.055	5.65	-0.055	5.65
4.4	-0.055	5.85	-0.055	5.85
4.5	-0.045	6	-0.045	6
4.6	-0.045	6.2	-0.045	6.2
4.7	-0.03	6.35	-0.03	6.35
4.8	-0.025	6.55	-0.025	6.55
4.9	-0.01	6.7	-0.01	6.7
5	0	6.85	0	6.85
5.1	0.02	7.05	0.02	7.05
5.2	0.03	7.2	0.03	7.2
5.3	0.04	7.35	0.04	7.35
5.4	0.045	7.55	0.045	7.55
5.5	0.05	7.75	0.05	7.75
5.6	0.05	7.9	0.05	7.9
5.7	0.045	8.05	0.045	8.05
5.8	0.035	8.25	0.035	8.25
5.9	0	8.4	0	8.4
6	-0.005	8.55	-0.005	8.55
6.1	-0.01	8.75	-0.01	8.75
6.2	-0.02	8.95	-0.02	8.95
6.3	-0.025	9.05	-0.025	9.05
6.4	-0.02	9.25	-0.02	9.25
6.5	-0.02	9.45	-0.02	9.45
6.6	-0.02	9.6	-0.02	9.6
6.7	-0.015	9.75	-0.015	9.75
6.8	-0.005	9.95	-0.005	9.95
6.9	0	10.1	0	10.1
7	0.025	10.25	0.025	10.25
7.1	0.04	10.45	0.04	10.45
7.2	0.07	10.6	0.07	10.6
7.3	0.095	10.75	0.095	10.75
7.4	0.135	10.95	0.135	10.95
7.5	0.17	11.1	0.17	11.1
7.6	0.22	11.25	0.22	11.25
7.701	0.265	11.4	0.265	11.4
7.8	0.315	11.65	0.315	11.65
7.899	0.34	11.8	0.34	11.8
8	0.35	11.95	0.35	11.95
8.1	0.335	12.1	0.335	12.1
8.2	0.32	12.3	0.32	12.3
8.3	0.265	12.45	0.265	12.45
8.4	0.235	12.65	0.235	12.65
8.5	0.185	12.8	0.185	12.8
8.6	0.165	13	0.165	13
8.7	0.115	13.1	0.115	13.1
8.8	0.095	13.35	0.095	13.35
8.9	0.065	13.5	0.065	13.5
9	0.04	13.65	0.04	13.65
9.1	0.025	13.8	0.025	13.8
9.2	0.025	14	0.025	14
9.3	0.025	14.15	0.025	14.15
9.4	0.05	14.35	0.05	14.35
9.5	0.07	14.5	0.07	14.5
9.6	0.095	14.65	0.095	14.65
9.7	0.14	14.85	0.14	14.85
9.8	0.2	15	0.2	15
9.9	0.255	15.2	0.255	15.2
10	0.325	15.35	0.325	15.35
10.1	0.425	15.55	0.425	15.55
10.2	0.51	15.7	0.51	15.7
10.3	0.62	15.9	0.62	15.9
10.4	0.735	16.05	0.735	16.05
10.5	0.865	16.2	0.865	16.2
10.6	0.96	16.35	0.96	16.35
10.699	1.04	16.55	1.04	16.55
10.799	1.06	16.7	1.06	16.7
10.899	1.005	16.9	1.005	16.9
11	0.92	17.05	0.92	17.05
11.099	0.775	17.2	0.775	17.2
11.199	0.67	17.35	0.67	17.35
11.299	0.565	17.55	0.565	17.55
11.399	0.45	17.7	0.45	17.7
11.499	0.345	17.9	0.345	17.9
11.599	0.265	18.05	0.265	18.05
11.699	0.195	18.25	0.195	18.25
11.799	0.13	18.4	0.13	18.4
11.899	0.105	18.55	0.105	18.55
11.999	0.085	18.7	0.085	18.7
12.099	0.1	18.9	0.1	18.9
12.199	0.12	19.05	0.12	19.05
12.3	0.175	19.25	0.175	19.25
12.4	0.235	19.4	0.235	19.4
12.499	0.335	19.6	0.335	19.6
12.599	0.42	19.75	0.42	19.75
12.7	0.545	19.95	0.545	19.95
12.799	0.685	20.1	0.685	20.1
12.9	0.855	20.25	0.855	20.25
13	1.005	20.4	1.005	20.4
13.099	1.25	20.6	1.25	20.6
13.2	1.44	20.75	1.44	20.75
13.3	1.675	20.95	1.675	20.95
13.4	1.905	21.1	1.905	21.1
13.5	2.135	21.3	2.135	21.3
13.6	2.235	21.45	2.235	21.45
13.7	2.27	21.6	2.27	21.6
13.8	2.165	21.8	2.165	21.8
13.9	1.86	21.95	1.86	21.95
14	1.535	22.1	1.535	22.1
14.1	1.29	22.3	1.29	22.3
14.2	1.045	22.45	1.045	22.45
14.3	0.825	22.65	0.825	22.65
14.4	0.645	22.8	0.645	22.8
14.5	0.455	22.95	0.455	22.95
14.6	0.34	23.15	0.34	23.15
14.7	0.27	23.3	0.27	23.3
14.8	0.205	23.5	0.205	23.5
14.9	0.2	23.65	0.2	23.65
15	0.23	23.85	0.23	23.85
15.1	0.29	24	0.29	24
15.2	0.385	24.15	0.385	24.15
15.3	0.5	24.3	0.5	24.3
15.4	0.66	24.5	0.66	24.5
15.5	0.845	24.65	0.845	24.65
15.6	1.08	24.85	1.08	24.85
15.7	1.3	25	1.3	25
15.8	1.615	25.2	1.615	25.2
15.9	1.9	25.35	1.9	25.35
16	2.255	25.55	2.255	25.55
16.1	2.595	25.7	2.595	25.7
16.2	2.995	25.85	2.995	25.85
16.3	3.29	26.05	3.29	26.05
16.4	3.555	26.2	3.555	26.2
16.5	3.625	26.35	3.625	26.35
16.6	3.555	26.55	3.555	26.55
16.7	3.245	26.7	3.245	26.7
16.8	2.84	26.9	2.84	26.9
16.9	2.42	27.05	2.42	27.05
17	2.035	27.2	2.035	27.2
17.1	1.69	27.35	1.69	27.35
17.2	1.375	27.55	1.375	27.55
17.3	1	27.7	1	27.7
17.4	0.79	27.9	0.79	27.9
17.5	0.64	28.05	0.64	28.05
17.6	0.505	28.25	0.505	28.25
17.7	0.435	28.4	0.435	28.4
17.8	0.41	28.55	0.41	28.55
17.9	0.425	28.7	0.425	28.7
18	0.52	28.9	0.52	28.9
18.1	0.645	29.05	0.645	29.05
18.2	0.845	29.2	0.845	29.2
18.3	1.055	29.4	1.055	29.4
18.4	1.35	29.55	1.35	29.55
18.5	1.63	29.7	1.63	29.7
18.6	2.03	29.9	2.03	29.9
18.7	2.395	30.05	2.395	30.05
18.8	2.885	30.25	2.885	30.25
18.9	3.33	30.4	3.33	30.4
19	3.88	30.6	3.88	30.6
19.1	4.355	30.75	4.355	30.75
19.2	4.88	30.9	4.88	30.9
19.3	5.23	31.05	5.23	31.05
19.4	5.44	31.25	5.44	31.25
19.5	5.325	31.45	5.325	31.45
19.6	5.11	31.6	5.11	31.6
19.7	4.73	31.8	4.73	31.8
19.8	4.315	31.95	4.315	31.95
19.9	3.76	32.1	3.76	32.1
20	3.08	32.3	3.08	32.3
20.1	2.535	32.45	2.535	32.45
20.2	2.14	32.6	2.14	32.6
20.3	1.685	32.8	1.685	32.8
20.4	1.285	32.95	1.285	32.95
20.5	1.025	33.15	1.025	33.15
20.6	0.9	33.3	0.9	33.3
20.7	0.84	33.45	0.84	33.45
20.8	0.805	33.6	0.805	33.6
20.9	0.905	33.8	0.905	33.8
21	1.055	33.95	1.055	33.95
21.1	1.305	34.15	1.305	34.15
21.2	1.59	34.3	1.59	34.3
21.3	1.995	34.5	1.995	34.5
21.4	2.4	34.65	2.4	34.65
21.5	2.935	34.85	2.935	34.85
21.6	3.435	35	3.435	35
21.7	4.115	35.15	4.115	35.15
21.8	4.205	35.2	4.205	35.2
21.9	4.205	35.2	4.205	35.2
22	4.2	35.2	4.2	35.2
22.1	4.195	35.2	4.195	35.2
22.2	4.185	35.2	4.185	35.2
22.3	4.195	35.2	4.195	35.2
22.4	4.185	35.2	4.185	35.2
22.5	4.195	35.2	4.195	35.2
22.6	4.2	35.2	4.2	35.2
22.7	4.195	35.2	4.195	35.2
22.8	4.195	35.2	4.195	35.2
22.9	4.2	35.2	4.2	35.2
23	4.185	35.2	4.185	35.2
23.1	4.175	35.2	4.175	35.2
23.2	4.17	35.2	4.17	35.2
23.3	4.17	35.2	4.17	35.2
23.4	4.165	35.2	4.165	35.2
23.5	4.17	35.2	4.17	35.2
23.6	4.19	35.2	4.19	35.2
23.7	4.175	35.2	4.175	35.2
23.8	4.16	35.2	4.16	35.2
23.9	4.165	35.2	4.165	35.2
24	4.175	35.2	4.175	35.2
