MIN=0	0	0	0	0
MAX=50	10	10	10	70
SCALE=50	5	5	5	10
DEC=1	2	2	2	2
DEF="Time" t / s	"Voltage" U_A1 / V	"Voltage" U_B1 / V	"Anode" U_A / V	"Acceleration voltage" U_B / V
0	-0.075	0	-0.075	0
0.099	-0.08	0	-0.08	0
0.199	-0.075	0	-0.075	0
0.299	-0.08	0.05	-0.08	0.05
0.399	-0.075	0	-0.075	0
0.499	-0.075	0	-0.075	0
0.599	-0.075	0	-0.075	0
0.699	-0.075	0	-0.075	0
0.8	-0.07	0	-0.07	0
0.9	-0.075	0	-0.075	0
1	-0.075	0	-0.075	0
1.099	-0.075	0	-0.075	0
1.199	-0.075	0	-0.075	0
1.299	-0.075	0	-0.075	0
1.399	-0.08	0	-0.08	0
1.5	-0.075	0.05	-0.075	0.05
1.599	-0.075	0.25	-0.075	0.25
1.699	-0.075	0.4	-0.075	0.4
1.8	-0.075	0.55	-0.075	0.55
1.899	-0.075	0.75	-0.075	0.75
2	-0.075	0.9	-0.075	0.9
2.099	-0.075	1.1	-0.075	1.1
2.2	-0.075	1.25	-0.075	1.25
2.299	-0.07	1.4	-0.07	1.4
2.4	-0.075	1.6	-0.075	1.6
2.499	-0.07	1.75	-0.07	1.75
2.6	-0.075	1.95	-0.075	1.95
2.7	-0.07	2.1	-0.07	2.1
2.799	-0.075	2.25	-0.075	2.25
2.899	-0.07	2.4	-0.07	2.4
3	-0.075	2.65	-0.075	2.65
3.1	-0.07	2.75	-0.07	2.75
3.2	-0.075	2.95	-0.075	2.95
3.3	-0.07	3.1	-0.07	3.1
3.399	-0.08	3.25	-0.08	3.25
3.499	-0.075	3.4	-0.075	3.4
3.6	-0.075	3.65	-0.075	3.65
3.699	-0.075	3.8	-0.075	3.8
3.8	-0.08	3.95	-0.08	3.95
3.9	-0.075	4.1	-0.075	4.1
3.999	-0.075	4.3	-0.075	4.3
4.099	-0.075	4.45	-0.075	4.45
4.2	-0.075	4.65	-0.075	4.65
4.299	-0.075	4.85	-0.075	4.85
4.4	-0.075	5	-0.075	5
4.5	-0.075	5.15	-0.075	5.15
4.6	-0.075	5.35	-0.075	5.35
4.7	-0.075	5.5	-0.075	5.5
4.8	-0.07	5.65	-0.07	5.65
4.9	-0.07	5.8	-0.07	5.8
4.999	-0.07	6	-0.07	6
5.1	-0.07	6.2	-0.07	6.2
5.2	-0.065	6.3	-0.065	6.3
5.299	-0.065	6.5	-0.065	6.5
5.4	-0.06	6.7	-0.06	6.7
5.5	-0.06	6.85	-0.06	6.85
5.599	-0.05	7	-0.05	7
5.699	-0.05	7.2	-0.05	7.2
5.8	-0.04	7.35	-0.04	7.35
5.9	-0.04	7.55	-0.04	7.55
6	-0.03	7.7	-0.03	7.7
6.099	-0.035	7.9	-0.035	7.9
6.199	-0.025	8	-0.025	8
6.3	-0.025	8.2	-0.025	8.2
6.4	-0.015	8.4	-0.015	8.4
6.5	-0.025	8.55	-0.025	8.55
6.6	-0.015	8.7	-0.015	8.7
6.7	-0.02	8.9	-0.02	8.9
6.8	-0.015	9.05	-0.015	9.05
6.9	-0.02	9.25	-0.02	9.25
7	-0.015	9.4	-0.015	9.4
7.101	-0.02	9.6	-0.02	9.6
7.2	-0.015	9.7	-0.015	9.7
7.3	-0.015	9.9	-0.015	9.9
7.4	-0.01	10.05	-0.01	10.05
7.5	-0.01	10.25	-0.01	10.25
7.6	-0.005	10.4	-0.005	10.4
7.7	-0.005	10.55	-0.005	10.55
7.8	-0.005	10.7	-0.005	10.7
7.9	0	10.9	0	10.9
8	0.01	11.05	0.01	11.05
8.1	0.015	11.25	0.015	11.25
8.2	0.03	11.4	0.03	11.4
8.3	0.04	11.6	0.04	11.6
8.4	0.06	11.75	0.06	11.75
8.5	0.075	11.9	0.075	11.9
8.6	0.095	12.1	0.095	12.1
8.7	0.11	12.25	0.11	12.25
8.8	0.12	12.4	0.12	12.4
8.9	0.125	12.6	0.125	12.6
9	0.13	12.75	0.13	12.75
9.1	0.13	12.95	0.13	12.95
9.2	0.115	13.1	0.115	13.1
9.299	0.105	13.3	0.105	13.3
9.4	0.1	13.45	0.1	13.45
9.5	0.09	13.6	0.09	13.6
9.6	0.075	13.8	0.075	13.8
9.7	0.07	13.95	0.07	13.95
9.8	0.06	14.15	0.06	14.15
9.9	0.055	14.3	0.055	14.3
10	0.05	14.5	0.05	14.5
10.1	0.06	14.65	0.06	14.65
10.2	0.05	14.85	0.05	14.85
10.3	0.05	15	0.05	15
10.4	0.06	15.15	0.06	15.15
10.5	0.075	15.3	0.075	15.3
10.6	0.095	15.5	0.095	15.5
10.7	0.12	15.65	0.12	15.65
10.8	0.14	15.85	0.14	15.85
10.9	0.17	16	0.17	16
11	0.22	16.2	0.22	16.2
11.1	0.26	16.35	0.26	16.35
11.2	0.305	16.5	0.305	16.5
11.3	0.355	16.7	0.355	16.7
11.4	0.4	16.85	0.4	16.85
11.5	0.44	17	0.44	17
11.6	0.465	17.2	0.465	17.2
11.701	0.475	17.35	0.475	17.35
11.8	0.465	17.55	0.465	17.55
11.9	0.445	17.7	0.445	17.7
12	0.41	17.85	0.41	17.85
12.1	0.345	18.05	0.345	18.05
12.2	0.295	18.2	0.295	18.2
12.3	0.275	18.35	0.275	18.35
12.4	0.22	18.55	0.22	18.55
12.5	0.17	18.7	0.17	18.7
12.6	0.12	18.9	0.12	18.9
12.7	0.095	19.05	0.095	19.05
12.801	0.08	19.25	0.08	19.25
12.9	0.09	19.4	0.09	19.4
13	0.11	19.55	0.11	19.55
13.1	0.135	19.7	0.135	19.7
13.199	0.16	19.9	0.16	19.9
13.299	0.195	20.05	0.195	20.05
13.399	0.25	20.25	0.25	20.25
13.499	0.3	20.4	0.3	20.4
13.6	0.37	20.6	0.37	20.6
13.7	0.43	20.75	0.43	20.75
13.8	0.525	20.9	0.525	20.9
13.9	0.595	21.1	0.595	21.1
14	0.7	21.25	0.7	21.25
14.1	0.785	21.4	0.785	21.4
14.2	0.9	21.6	0.9	21.6
14.3	0.99	21.8	0.99	21.8
14.4	1.05	21.95	1.05	21.95
14.5	1.11	22.1	1.11	22.1
14.6	1.075	22.3	1.075	22.3
14.7	0.98	22.45	0.98	22.45
14.8	0.84	22.6	0.84	22.6
14.9	0.71	22.8	0.71	22.8
15	0.61	22.95	0.61	22.95
15.1	0.435	23.15	0.435	23.15
15.2	0.315	23.3	0.315	23.3
15.3	0.275	23.45	0.275	23.45
15.4	0.23	23.6	0.23	23.6
15.5	0.175	23.8	0.175	23.8
15.6	0.16	23.95	0.16	23.95
15.7	0.175	24.15	0.175	24.15
15.8	0.21	24.3	0.21	24.3
15.9	0.255	24.5	0.255	24.5
16	0.305	24.65	0.305	24.65
16.1	0.375	24.8	0.375	24.8
16.2	0.455	25	0.455	25
16.3	0.555	25.15	0.555	25.15
16.4	0.665	25.3	0.665	25.3
16.5	0.79	25.5	0.79	25.5
16.6	0.915	25.65	0.915	25.65
16.7	1.07	25.85	1.07	25.85
16.8	1.21	26	1.21	26
16.9	1.37	26.2	1.37	26.2
16.999	1.52	26.35	1.52	26.35
17.1	1.67	26.5	1.67	26.5
17.2	1.73	26.65	1.73	26.65
17.3	1.735	26.85	1.735	26.85
17.4	1.745	27	1.745	27
17.5	1.59	27.2	1.59	27.2
17.6	1.45	27.35	1.45	27.35
17.7	1.24	27.5	1.24	27.5
17.8	1.035	27.7	1.035	27.7
17.9	0.86	27.85	0.86	27.85
18	0.68	28	0.68	28
18.1	0.57	28.2	0.57	28.2
18.2	0.49	28.35	0.49	28.35
18.3	0.405	28.55	0.405	28.55
18.4	0.345	28.7	0.345	28.7
18.5	0.34	28.85	0.34	28.85
18.6	0.345	29.05	0.345	29.05
18.7	0.41	29.2	0.41	29.2
18.8	0.47	29.35	0.47	29.35
18.9	0.56	29.55	0.56	29.55
19	0.675	29.7	0.675	29.7
19.1	0.82	29.85	0.82	29.85
19.2	0.95	30.05	0.95	30.05
19.3	1.15	30.2	1.15	30.2
19.4	1.35	30.4	1.35	30.4
19.5	1.545	30.55	1.545	30.55
19.6	1.775	30.75	1.775	30.75
19.7	2	30.9	2	30.9
19.8	2.265	31.05	2.265	31.05
19.9	2.47	31.25	2.47	31.25
20	2.63	31.4	2.63	31.4
20.1	2.82	31.6	2.82	31.6
20.2	2.84	31.75	2.84	31.75
20.3	2.39	31.9	2.39	31.9
20.4	2.275	32.1	2.275	32.1
20.5	1.98	32.25	1.98	32.25
20.6	1.685	32.45	1.685	32.45
20.7	1.345	32.6	1.345	32.6
20.8	1.11	32.75	1.11	32.75
20.9	0.93	32.95	0.93	32.95
21	0.725	33.1	0.725	33.1
21.1	0.605	33.25	0.605	33.25
21.2	0.52	33.45	0.52	33.45
21.3	0.49	33.65	0.49	33.65
21.4	0.49	33.8	0.49	33.8
21.5	0.54	33.95	0.54	33.95
21.6	0.57	34.15	0.57	34.15
21.7	0.72	34.3	0.72	34.3
21.8	0.915	34.45	0.915	34.45
21.9	1.07	34.65	1.07	34.65
22	1.31	34.85	1.31	34.85
22.1	1.56	34.95	1.56	34.95
22.2	1.81	35.15	1.81	35.15
22.3	1.895	35.2	1.895	35.2
22.4	1.885	35.2	1.885	35.2
22.5	1.875	35.2	1.875	35.2
22.6	1.895	35.2	1.895	35.2
22.7	1.895	35.2	1.895	35.2
22.8	1.88	35.2	1.88	35.2
22.9	1.88	35.2	1.88	35.2
23	1.885	35.2	1.885	35.2
23.1	1.88	35.2	1.88	35.2
23.2	1.87	35.2	1.87	35.2
23.3	1.875	35.2	1.875	35.2
23.401	1.875	35.2	1.875	35.2
23.5	1.865	35.2	1.865	35.2
23.6	1.88	35.2	1.88	35.2
23.7	1.865	35.2	1.865	35.2
23.8	1.87	35.2	1.87	35.2
23.9	1.865	35.2	1.865	35.2
24	1.86	35.2	1.86	35.2
24.1	1.865	35.2	1.865	35.2
24.2	1.865	35.2	1.865	35.2
24.3	1.875	35.2	1.875	35.2
24.4	1.855	35.2	1.855	35.2
