165, 35.5, 2.0, 165_u1_355_u2_020.txt
165, 35.5, 2.0, 165_u1_355_u2_020_mess2.txt
165, 35.5, 2.5, 165_u1_355_u2_025.txt
165, 35.5, 2.5, 165_u1_355_u2_025_mess2.txt
165, 35.5, 3.0, 165_u1_355_u2_030.txt
165, 35.5, 3.0, 165_u1_355_u2_030_mess2.txt
165, 35.5, 3.3, 165_u1_355_u2_033.txt
165, 35.5, 3.3, 165_u1_355_u2_033_mess2.txt
165, 35.5, 3.5, 165_u1_355_u2_035.txt
165, 35.5, 3.5, 165_u1_355_u2_035_mess2.txt
163, 35.0, 2.0, 165_uh_63_u1_35_u2_020.txt
167, 35.5, 2.5, 167_u1_355_u2_025.txt
167, 35.5, 2.5, 167_u1_355_u2_025_mess2.txt
167, 35.5, 2.5, 167_u1_355_u2_025_mess3.txt
170, 35.5, 2.5, 170_u1_355_u2_025.txt
170, 35.5, 2.5, 170_u1_355_u2_025_mess2.txt
175, 35.5, 2.5, 175_u1_355_u2_025.txt
175, 35.5, 2.5, 175_u1_355_u2_025_mess2.txt
177, 35.5, 2.5, 177_u1_355_u2_025.txt
177, 35.5, 2.5, 177_u1_355_u2_025_mess2.txt
180, 35.5, 2.5, 180_u1_355_u2_025.txt
180, 35.5, 2.5, 180_u1_355_u2_025_mess2.txt
180, 35.5, 2.5, 180_u1_355_u2_025_mess3.txt
180, 35.5, 2.5, 180_u1_355_u2_025_mess4.txt
