&b / °	R_0 / 1/s
28,50	0,708
28,51	0,600
28,52	0,533
28,53	0,517
28,54	0,592
28,55	0,483
28,56	0,617
28,57	0,692
28,58	0,408
28,59	0,517
28,60	0,525
28,61	0,408
28,62	0,692
28,63	0,558
28,64	0,775
28,65	0,567
28,66	0,617
28,67	0,558
28,68	0,758
28,69	0,667
28,70	0,617
28,71	0,658
28,72	0,558
28,73	0,508
28,74	0,533
28,75	0,650
28,76	0,492
28,77	0,625
28,78	0,592
28,79	0,508
28,80	0,592
28,81	0,517
28,82	0,533
28,83	0,433
28,84	0,575
28,85	0,592
28,86	0,458
28,87	0,575
28,88	0,492
28,89	0,525
28,90	0,467
28,91	0,600
28,92	0,567
28,93	0,592
28,94	0,600
28,95	0,650
28,96	0,675
28,97	0,542
28,98	0,517
28,99	0,683
29,00	0,467
29,01	0,458
29,02	0,517
29,03	0,717
29,04	0,550
29,05	0,575
29,06	0,517
29,07	0,550
29,08	0,550
29,09	0,725
29,10	0,642
29,11	0,542
29,12	0,708
29,13	0,467
29,14	0,692
29,15	0,583
29,16	0,458
29,17	0,542
29,18	0,533
29,19	0,542
29,20	0,558
29,21	0,617
29,22	0,617
29,23	0,425
29,24	0,617
29,25	0,575
29,26	0,583
29,27	0,542
29,28	0,742
29,29	0,683
29,30	0,467
29,31	0,533
29,32	0,600
29,33	0,508
29,34	0,567
29,35	0,608
29,36	0,592
29,37	0,567
29,38	0,583
29,39	0,625
29,40	0,717
29,41	0,558
29,42	0,633
29,43	0,592
29,44	0,500
29,45	0,500
29,46	0,658
29,47	0,558
29,48	0,383
29,49	0,575
29,50	0,592
29,51	0,450
29,52	0,417
29,53	0,608
29,54	0,508
29,55	0,583
29,56	0,517
29,57	0,517
29,58	0,558
29,59	0,675
29,60	0,500
29,61	0,508
29,62	0,500
29,63	0,483
29,64	0,533
29,65	0,500
29,66	0,525
29,67	0,417
29,68	0,583
29,69	0,475
29,70	0,583
29,71	0,517
29,72	0,517
29,73	0,558
29,74	0,550
29,75	0,600
29,76	0,517
29,77	0,492
29,78	0,558
29,79	0,500
29,80	0,583
29,81	0,458
29,82	0,533
29,83	0,483
29,84	0,608
29,85	0,550
29,86	0,475
29,87	0,483
29,88	0,617
29,89	0,467
29,90	0,500
29,91	0,433
29,92	0,608
29,93	0,442
29,94	0,508
29,95	0,600
29,96	0,533
29,97	0,650
29,98	0,533
29,99	0,567
30,00	0,500
30,01	0,583
30,02	0,608
30,03	0,383
30,04	0,642
30,05	0,425
30,06	0,600
30,07	0,458
30,08	0,542
30,09	0,608
30,10	0,492
30,11	0,600
30,12	0,525
30,13	0,675
30,14	0,608
30,15	0,675
30,16	0,575
30,17	0,733
30,18	0,600
30,19	0,600
30,20	0,692
30,21	0,483
30,22	0,725
30,23	0,608
30,24	0,758
30,25	0,842
30,26	0,883
30,27	0,700
30,28	0,892
30,29	1,200
30,30	1,225
30,31	1,183
30,32	1,092
30,33	1,550
30,34	1,808
30,35	1,983
30,36	2,175
30,37	2,375
30,38	2,533
30,39	2,275
30,40	2,250
30,41	2,450
30,42	2,217
30,43	2,000
30,44	1,742
30,45	1,675
30,46	1,575
30,47	1,317
30,48	1,150
30,49	1,292
30,50	1,200
30,51	1,117
30,52	1,042
30,53	1,258
30,54	1,250
30,55	1,358
30,56	1,467
30,57	1,650
30,58	1,642
30,59	1,775
30,60	1,633
30,61	1,700
30,62	1,258
30,63	1,242
30,64	1,033
30,65	1,058
30,66	0,967
30,67	1,042
30,68	0,850
30,69	0,842
30,70	0,583
30,71	0,625
30,72	0,542
30,73	0,550
30,74	0,450
30,75	0,642
30,76	0,592
30,77	0,533
30,78	0,517
30,79	0,617
30,80	0,500
30,81	0,500
30,82	0,367
30,83	0,675
30,84	0,575
30,85	0,658
30,86	0,558
30,87	0,483
30,88	0,542
30,89	0,508
30,90	0,533
30,91	0,583
30,92	0,500
30,93	0,625
30,94	0,525
30,95	0,442
30,96	0,508
30,97	0,450
30,98	0,558
30,99	0,542
31,00	0,542
31,01	0,517
31,02	0,458
31,03	0,442
31,04	0,575
31,05	0,583
31,06	0,475
31,07	0,433
31,08	0,583
31,09	0,475
31,10	0,458
31,11	0,467
31,12	0,592
31,13	0,417
31,14	0,550
31,15	0,692
31,16	0,517
31,17	0,450
31,18	0,550
31,19	0,508
31,20	0,533
31,21	0,558
31,22	0,442
31,23	0,475
31,24	0,467
31,25	0,308
31,26	0,550
31,27	0,508
31,28	0,475
31,29	0,442
31,30	0,542
31,31	0,517
31,32	0,558
31,33	0,575
31,34	0,542
31,35	0,417
31,36	0,417
31,37	0,442
31,38	0,600
31,39	0,417
31,40	0,442
31,41	0,492
31,42	0,533
31,43	0,592
31,44	0,425
31,45	0,542
31,46	0,492
31,47	0,533
31,48	0,475
31,49	0,517
31,50	0,533
31,51	0,442
31,52	0,500
31,53	0,625
31,54	0,483
31,55	0,492
31,56	0,383
31,57	0,442
31,58	0,567
31,59	0,442
31,60	0,533
31,61	0,442
31,62	0,600
31,63	0,433
31,64	0,467
31,65	0,442
31,66	0,467
31,67	0,450
31,68	0,367
31,69	0,408
31,70	0,550
31,71	0,417
31,72	0,450
31,73	0,533
31,74	0,475
31,75	0,408
31,76	0,458
31,77	0,508
31,78	0,342
31,79	0,392
31,80	0,417
31,81	0,383
31,82	0,492
31,83	0,400
31,84	0,417
31,85	0,542
31,86	0,508
31,87	0,533
31,88	0,533
31,89	0,433
31,90	0,492
31,91	0,442
31,92	0,467
31,93	0,367
31,94	0,433
31,95	0,533
31,96	0,433
31,97	0,317
31,98	0,375
31,99	0,400
32,00	0,425
