# Strom: -5.96 A
# Magnetfeld: -485 mT
# Schnitt bei (681,462)
# Mittelung: 1 Pixel
# Magnetfeldsensor kalibriertPixel ; Red Value
1;1225
2;1130
3;1034
4;969
5;905
6;890
7;876
8;880
9;884
10;912
11;940
12;1002
13;1063
14;1166
15;1270
16;1454
17;1639
18;1772
19;1905
20;2018
21;2131
22;2071
23;2012
24;1936
25;1861
26;1783
27;1705
28;1656
29;1607
30;1607
31;1607
32;1614
33;1622
34;1772
35;1923
36;2150
37;2378
38;2691
39;3005
40;3194
41;3382
42;3294
43;3206
44;2952
45;2699
46;2456
47;2213
48;2014
49;1815
50;1733
51;1652
52;1569
53;1486
54;1532
55;1578
56;1689
57;1800
58;1974
59;2148
60;2269
61;2389
62;2394
63;2399
64;2250
65;2101
66;1910
67;1719
68;1534
69;1348
70;1215
71;1082
72;1036
73;990
74;950
75;910
76;885
77;861
78;860
79;859
80;866
81;874
82;898
83;922
84;979
85;1037
86;1134
87;1232
88;1355
89;1478
90;1628
91;1779
92;1925
93;2072
94;2090
95;2108
96;2059
97;2011
98;1960
99;1909
100;1845
101;1781
102;1725
103;1669
104;1656
105;1643
106;1628
107;1612
108;1640
109;1667
110;1763
111;1860
112;2030
113;2200
114;2462
115;2723
116;2982
117;3241
118;3365
119;3489
120;3428
121;3367
122;3154
123;2942
124;2741
125;2540
126;2364
127;2187
128;2028
129;1869
130;1773
131;1677
132;1625
133;1574
134;1588
135;1603
136;1676
137;1748
138;1853
139;1959
140;2099
141;2240
142;2385
143;2531
144;2598
145;2666
146;2577
147;2489
148;2340
149;2192
150;2027
151;1862
152;1699
153;1536
154;1396
155;1256
156;1197
157;1139
158;1083
159;1028
160;997
161;966
162;939
163;913
164;889
165;866
166;886
167;907
168;924
169;941
170;935
171;929
172;988
173;1048
174;1085
175;1122
176;1162
177;1202
178;1302
179;1402
180;1523
181;1645
182;1780
183;1915
184;2006
185;2096
186;2142
187;2188
188;2169
189;2151
190;2107
191;2064
192;2002
193;1940
194;1908
195;1876
196;1806
197;1736
198;1720
199;1704
200;1664
201;1624
202;1609
203;1594
204;1593
205;1592
206;1614
207;1636
208;1709
209;1782
210;1870
211;1959
212;2110
213;2261
214;2445
215;2629
216;2825
217;3021
218;3209
219;3398
220;3433
221;3469
222;3454
223;3439
224;3349
225;3260
226;3089
227;2919
228;2784
229;2649
230;2488
231;2326
232;2197
233;2067
234;1969
235;1871
236;1759
237;1647
238;1597
239;1546
240;1543
241;1540
242;1539
243;1537
244;1561
245;1585
246;1610
247;1636
248;1696
249;1757
250;1862
251;1968
252;2057
253;2146
254;2272
255;2398
256;2456
257;2515
258;2535
259;2555
260;2567
261;2579
262;2512
263;2446
264;2351
265;2256
266;2142
267;2028
268;1902
269;1775
270;1707
271;1638
272;1540
273;1442
274;1369
275;1295
276;1243
277;1191
278;1163
279;1135
280;1107
281;1079
282;1041
283;1003
284;986
285;968
286;943
287;918
288;919
289;921
290;906
291;891
292;878
293;865
294;875
295;886
296;897
297;909
298;889
299;869
300;907
301;946
302;951
303;957
304;945
305;933
306;978
307;1022
308;1045
309;1068
310;1074
311;1080
312;1105
313;1130
314;1189
315;1248
316;1292
317;1336
318;1362
319;1387
320;1458
321;1528
322;1602
323;1676
324;1732
325;1788
326;1855
327;1923
328;1988
329;2053
330;2107
331;2162
332;2196
333;2231
334;2244
335;2258
336;2276
337;2295
338;2274
339;2254
340;2247
341;2241
342;2228
343;2216
344;2189
345;2163
346;2114
347;2066
348;2066
349;2066
350;2034
351;2001
352;1955
353;1909
354;1900
355;1892
356;1878
357;1865
358;1830
359;1795
360;1787
361;1780
362;1761
363;1742
364;1728
365;1713
366;1698
367;1683
368;1653
369;1623
370;1644
371;1666
372;1637
373;1608
374;1592
375;1577
376;1573
377;1569
378;1581
379;1593
380;1576
381;1559
382;1577
383;1595
384;1583
385;1572
386;1583
387;1595
388;1621
389;1647
390;1653
391;1659
392;1670
393;1681
394;1690
395;1700
396;1699
397;1699
398;1716
399;1734
400;1754
401;1774
402;1789
403;1805
404;1846
405;1887
406;1890
407;1894
408;1936
409;1979
410;2007
411;2036
412;2043
413;2049
414;2083
415;2116
416;2152
417;2187
418;2238
419;2289
420;2304
421;2319
422;2345
423;2371
424;2396
425;2422
426;2421
427;2421
428;2466
429;2512
430;2520
431;2528
432;2565
433;2603
434;2634
435;2664
436;2698
437;2732
438;2743
439;2753
440;2797
441;2842
442;2846
443;2850
444;2829
445;2808
446;2853
447;2898
448;2922
449;2945
450;2945
451;2945
452;2983
453;3021
454;2989
455;2957
456;2946
457;2935
458;2963
459;2992
460;3008
461;3024
462;3012
463;3001
464;2987
465;2974
466;2998
467;3023
468;3001
469;2980
470;3002
471;3025
472;2985
473;2945
474;2923
475;2901
476;2880
477;2860
478;2844
479;2829
480;2832
481;2836
482;2803
483;2771
484;2752
485;2733
486;2701
487;2670
488;2658
489;2646
490;2632
491;2619
492;2567
493;2516
494;2501
495;2487
496;2410
497;2334
498;2335
499;2336
500;2302
501;2269
502;2258
503;2246
504;2171
505;2095
506;2090
507;2084
508;2053
509;2022
510;1981
511;1940
512;1916
513;1891
514;1877
515;1862
516;1850
517;1838
518;1802
519;1767
520;1731
521;1696
522;1703
523;1710
524;1690
525;1670
526;1659
527;1648
528;1642
529;1637
530;1635
531;1634
532;1626
533;1618
534;1612
535;1606
536;1593
537;1580
538;1596
539;1613
540;1617
541;1621
542;1613
543;1606
544;1606
545;1606
546;1619
547;1632
548;1644
549;1656
550;1653
551;1649
552;1663
553;1677
554;1697
555;1717
556;1713
557;1710
558;1735
559;1760
560;1781
561;1802
562;1809
563;1816
564;1848
565;1880
566;1895
567;1911
568;1932
569;1953
570;1970
571;1988
572;2002
573;2017
574;2050
575;2083
576;2107
577;2131
578;2129
579;2128
580;2127
581;2126
582;2123
583;2120
584;2110
585;2100
586;2055
587;2011
588;1959
589;1908
590;1860
591;1813
592;1754
593;1695
594;1635
595;1576
596;1523
597;1469
598;1386
599;1304
600;1273
601;1242
602;1204
603;1166
604;1114
605;1061
606;1057
607;1052
608;1026
609;1000
610;990
611;979
612;941
613;903
614;920
615;937
616;923
617;909
618;916
619;924
620;906
621;888
622;895
623;902
624;896
625;889
626;900
627;910
628;917
629;925
630;952
631;980
632;999
633;1019
634;1054
635;1089
636;1110
637;1131
638;1142
639;1153
640;1215
641;1276
642;1338
643;1401
644;1471
645;1541
646;1642
647;1744
648;1852
649;1960
650;2067
651;2174
652;2267
653;2360
654;2453
655;2546
656;2583
657;2620
658;2603
659;2587
660;2521
661;2455
662;2351
663;2248
664;2158
665;2068
666;1960
667;1852
668;1782
669;1711
670;1677
671;1644
672;1600
673;1556
674;1565
675;1575
676;1604
677;1633
678;1657
679;1681
680;1765
681;1848
682;1953
683;2059
684;2160
685;2261
686;2391
687;2522
688;2646
689;2770
690;2895
691;3021
692;3160
693;3300
694;3343
695;3386
696;3364
697;3342
698;3225
699;3108
700;2958
701;2809
702;2582
703;2355
704;2229
705;2103
706;1986
707;1869
708;1811
709;1753
710;1689
711;1625
712;1594
713;1564
714;1553
715;1543
716;1585
717;1628
718;1653
719;1679
720;1700
721;1721
722;1774
723;1827
724;1868
725;1910
726;1941
727;1972
728;2000
729;2029
730;2044
731;2060
732;1967
733;1875
734;1784
735;1693
736;1561
737;1430
738;1346
739;1262
740;1188
741;1114
742;1063
743;1011
744;977
745;943
746;942
747;940
748;920
749;900
750;894
751;887
752;915
753;942
754;942
755;941
756;981
757;1020
758;1061
759;1102
760;1186
761;1271
762;1379
763;1488
764;1581
765;1674
766;1785
767;1896
768;2013
769;2131
770;2198
771;2265
772;2249
773;2234
774;2195
775;2156
776;2063
777;1971
778;1884
779;1797
780;1769
781;1742
782;1723
783;1703
784;1722
785;1741
786;1805
787;1869
788;1973
789;2077
790;2189
791;2300
792;2463
793;2627
794;2769
795;2912
796;3060
797;3209
798;3200
799;3190
800;3002
801;2814
802;2587
803;2360
804;2182
805;2004
806;1868
807;1732
808;1663
809;1595
810;1603
811;1611
812;1622
813;1632
814;1685
815;1738
816;1788
817;1839
818;1908
819;1977
820;2006
821;2035
822;2019
823;2003
824;1924
825;1846
826;1698
827;1551
828;1413
829;1276
830;1186
831;1096
832;1043
833;990
834;970
835;950
836;976
837;1001
838;999
839;998
840;1050
841;1103
842;1160
843;1216
844;1292
845;1369
846;1447
847;1526
848;1604
849;1682
850;1772
851;1863
852;1956
853;2050
854;2080
855;2111
856;2093
857;2076
858;2009
859;1942
860;1905
861;1868
862;1849
863;1831
864;1839
865;1846
866;1897
867;1948
868;2020
869;2092
870;2232
871;2373
872;2524
873;2676
874;2808
875;2939
876;2851
877;2764
878;2556
879;2349
880;2109
881;1869
882;1756
883;1642
884;1575
885;1508
886;1518
887;1528
888;1563
889;1599
890;1650
891;1701
892;1750
893;1799
894;1820
895;1841
896;1785
897;1728
898;1597
899;1466
900;1336
901;1207
902;1119
903;1031
904;1007
905;982
906;1011
907;1040
908;1067
909;1093
910;1151
911;1210
912;1262
913;1315
914;1370
915;1425
916;1483
917;1540
918;1540
