# Strom: 0.07 A
# Magnetfeld: 7 mT
# Schnitt bei (500,400)
# Mittelung: 1 Pixel
# Magnetfeldsensor kalibriertPixel ; Red Value
1;669
2;719
3;769
4;963
5;1157
6;1365
7;1574
8;1992
9;2411
10;2634
11;2857
12;2728
13;2599
14;2368
15;2137
16;1932
17;1727
18;1520
19;1314
20;1175
21;1037
22;931
23;826
24;740
25;655
26;626
27;598
28;553
29;509
30;468
31;427
32;426
33;425
34;407
35;389
36;392
37;396
38;397
39;398
40;391
41;385
42;368
43;351
44;348
45;345
46;355
47;365
48;357
49;349
50;350
51;351
52;359
53;367
54;361
55;356
56;366
57;376
58;382
59;389
60;396
61;404
62;431
63;458
64;455
65;453
66;474
67;495
68;521
69;547
70;611
71;675
72;733
73;791
74;923
75;1055
76;1261
77;1467
78;1749
79;2031
80;2364
81;2697
82;2789
83;2881
84;2829
85;2777
86;2556
87;2335
88;2107
89;1880
90;1720
91;1560
92;1389
93;1219
94;1087
95;955
96;870
97;786
98;731
99;677
100;635
101;593
102;560
103;527
104;498
105;469
106;452
107;435
108;431
109;427
110;423
111;420
112;401
113;382
114;373
115;365
116;369
117;373
118;375
119;378
120;370
121;362
122;359
123;356
124;357
125;358
126;343
127;329
128;340
129;351
130;354
131;358
132;362
133;367
134;357
135;347
136;344
137;342
138;356
139;371
140;393
141;415
142;402
143;389
144;406
145;424
146;425
147;427
148;455
149;484
150;486
151;489
152;519
153;549
154;558
155;567
156;606
157;646
158;723
159;800
160;848
161;897
162;1057
163;1217
164;1398
165;1580
166;1822
167;2064
168;2349
169;2635
170;2719
171;2803
172;2845
173;2888
174;2759
175;2630
176;2508
177;2386
178;2200
179;2015
180;1863
181;1712
182;1565
183;1419
184;1293
185;1168
186;1063
187;959
188;874
189;790
190;773
191;757
192;691
193;626
194;597
195;569
196;552
197;536
198;514
199;493
200;469
201;445
202;423
203;402
204;421
205;440
206;428
207;416
208;404
209;393
210;385
211;378
212;371
213;365
214;369
215;373
216;374
217;376
218;362
219;349
220;350
221;351
222;359
223;367
224;350
225;334
226;339
227;345
228;347
229;349
230;348
231;347
232;343
233;340
234;331
235;322
236;339
237;356
238;353
239;351
240;363
241;376
242;369
243;362
244;361
245;360
246;359
247;358
248;370
249;382
250;369
251;356
252;358
253;360
254;381
255;402
256;389
257;376
258;390
259;404
260;400
261;396
262;429
263;462
264;458
265;455
266;461
267;467
268;461
269;456
270;481
271;506
272;520
273;535
274;546
275;558
276;596
277;635
278;644
279;653
280;676
281;700
282;731
283;762
284;808
285;855
286;931
287;1008
288;1059
289;1110
290;1181
291;1252
292;1397
293;1543
294;1668
295;1793
296;1925
297;2058
298;2239
299;2421
300;2553
301;2686
302;2746
303;2806
304;2905
305;3005
306;3083
307;3161
308;3129
309;3098
310;3017
311;2937
312;2818
313;2699
314;2645
315;2592
316;2460
317;2328
318;2220
319;2113
320;2043
321;1973
322;1910
323;1847
324;1766
325;1685
326;1628
327;1572
328;1474
329;1377
330;1348
331;1319
332;1231
333;1144
334;1108
335;1072
336;1002
337;932
338;898
339;864
340;853
341;842
342;805
343;768
344;764
345;760
346;718
347;677
348;661
349;646
350;646
351;646
352;623
353;600
354;580
355;560
356;558
357;557
358;561
359;566
360;549
361;533
362;516
363;500
364;494
365;489
366;491
367;493
368;494
369;495
370;489
371;484
372;467
373;451
374;451
375;451
376;459
377;467
378;447
379;427
380;440
381;453
382;444
383;436
384;430
385;424
386;421
387;418
388;426
389;435
390;402
391;369
392;389
393;409
394;402
395;395
396;404
397;413
398;400
399;387
400;393
401;400
402;402
403;405
404;391
405;378
406;380
407;382
408;399
409;416
410;420
411;425
412;401
413;378
414;373
415;369
416;378
417;387
418;381
419;376
420;373
421;371
422;374
423;378
424;386
425;395
426;395
427;395
428;375
429;356
430;369
431;382
432;384
433;387
434;381
435;376
436;391
437;407
438;390
439;374
440;389
441;404
442;390
443;376
444;378
445;380
446;381
447;382
448;360
449;338
450;353
451;369
452;382
453;395
454;377
455;360
456;357
457;354
458;378
459;402
460;393
461;385
462;386
463;387
464;388
465;389
466;390
467;391
468;384
469;378
470;381
471;385
472;378
473;371
474;380
475;389
476;380
477;371
478;374
479;378
480;371
481;364
482;385
483;407
484;393
485;380
486;385
487;391
488;384
489;378
490;367
491;356
492;365
493;374
494;375
495;376
496;386
497;396
498;380
499;365
500;376
501;387
502;384
503;382
504;377
505;373
506;368
507;364
508;363
509;362
510;371
511;380
512;400
513;420
514;409
515;398
516;395
517;393
518;394
519;396
520;397
521;398
522;401
523;405
524;410
525;415
526;413
527;411
528;405
529;400
530;421
531;442
532;433
533;425
534;416
535;407
536;418
537;429
538;429
539;429
540;427
541;425
542;448
543;471
544;464
545;458
546;476
547;495
548;497
549;500
550;494
551;489
552;502
553;515
554;507
555;500
556;503
557;506
558;527
559;549
560;554
561;560
562;570
563;580
564;595
565;611
566;630
567;649
568;661
569;673
570;705
571;737
572;754
573;771
574;784
575;797
576;840
577;884
578;901
579;919
580;962
581;1006
582;1053
583;1101
584;1180
585;1259
586;1303
587;1348
588;1429
589;1510
590;1588
591;1667
592;1742
593;1818
594;1951
595;2084
596;2203
597;2322
598;2404
599;2486
600;2611
601;2737
602;2798
603;2859
604;2926
605;2994
606;3076
607;3158
608;3134
609;3110
610;3102
611;3094
612;2985
613;2877
614;2784
615;2692
616;2545
617;2399
618;2223
619;2047
620;1930
621;1814
622;1668
623;1523
624;1384
625;1246
626;1160
627;1075
628;1026
629;977
630;915
631;853
632;794
633;735
634;724
635;713
636;699
637;686
638;638
639;591
640;563
641;536
642;531
643;527
644;520
645;513
646;506
647;500
648;497
649;495
650;471
651;447
652;437
653;427
654;431
655;436
656;415
657;395
658;388
659;382
660;383
661;385
662;390
663;395
664;385
665;376
666;364
667;353
668;370
669;387
670;367
671;347
672;345
673;344
674;354
675;365
676;358
677;351
678;355
679;360
680;354
681;349
682;349
683;349
684;352
685;356
686;356
687;356
688;350
689;344
690;353
691;362
692;361
693;360
694;368
695;376
696;380
697;385
698;374
699;364
700;391
701;418
702;396
703;374
704;396
705;418
706;411
707;405
708;437
709;469
710;452
711;435
712;455
713;476
714;473
715;471
716;493
717;515
718;531
719;547
720;569
721;591
722;622
723;653
724;694
725;735
726;793
727;851
728;946
729;1041
730;1092
731;1144
732;1282
733;1421
734;1586
735;1752
736;1908
737;2064
738;2298
739;2532
740;2613
741;2694
742;2778
743;2863
744;2816
745;2770
746;2536
747;2302
748;2050
749;1798
750;1587
751;1376
752;1231
753;1086
754;953
755;820
756;755
757;691
758;655
759;620
760;591
761;562
762;535
763;509
764;497
765;486
766;465
767;444
768;439
769;435
770;421
771;407
772;405
773;404
774;396
775;389
776;384
777;380
778;372
779;364
780;364
781;364
782;364
783;365
784;357
785;349
786;342
787;336
788;348
789;360
790;357
791;354
792;360
793;367
794;360
795;353
796;366
797;380
798;396
799;413
800;416
801;420
802;418
803;416
804;437
805;458
806;452
807;447
808;461
809;476
810;509
811;542
812;556
813;571
814;625
815;680
816;711
817;742
818;832
819;922
820;994
821;1066
822;1189
823;1312
824;1436
825;1561
826;1740
827;1920
828;2066
829;2213
830;2364
831;2515
832;2478
833;2442
834;2280
835;2118
836;1827
837;1536
838;1313
839;1090
840;959
841;828
842;738
843;648
844;616
845;584
846;559
847;535
848;499
849;464
850;450
851;436
852;420
853;404
854;390
855;376
856;380
857;385
858;380
859;376
860;361
861;347
862;345
863;344
864;355
865;367
866;371
867;376
868;367
869;358
870;350
871;342
872;367
873;393
874;406
875;420
876;423
877;427
878;417
879;407
880;434
881;462
882;479
883;496
884;525
885;555
886;607
887;660
888;708
889;757
890;794
891;831
892;911
893;992
894;1077
895;1163
896;1297
897;1432
898;1597
899;1763
900;1927
901;2091
902;2205
903;2319
904;2269
905;2220
906;1964
907;1709
908;1419
909;1130
910;976
911;822
912;730
913;638
914;584
915;531
916;498
917;466
918;466
