# Strom: -5.54 A
# Magnetfeld: -459 mT
# Schnitt bei (681,462)
# Mittelung: 1 Pixel
# Magnetfeldsensor kalibriertPixel ; Red Value
1;2914
2;2866
3;2819
4;2492
5;2166
6;1934
7;1703
8;1657
9;1612
10;1769
11;1927
12;2042
13;2158
14;1997
15;1836
16;1610
17;1385
18;1226
19;1068
20;966
21;864
22;834
23;804
24;834
25;864
26;923
27;982
28;1139
29;1296
30;1457
31;1618
32;1736
33;1854
34;1838
35;1823
36;1722
37;1621
38;1603
39;1585
40;1694
41;1803
42;2101
43;2399
44;2692
45;2985
46;2915
47;2845
48;2527
49;2209
50;1951
51;1694
52;1641
53;1589
54;1722
55;1856
56;2005
57;2155
58;2106
59;2058
60;1843
61;1629
62;1413
63;1197
64;1091
65;986
66;925
67;864
68;825
69;786
70;826
71;866
72;932
73;999
74;1117
75;1235
76;1417
77;1600
78;1732
79;1865
80;1829
81;1794
82;1749
83;1705
84;1666
85;1627
86;1646
87;1665
88;1836
89;2007
90;2335
91;2664
92;2909
93;3154
94;2961
95;2768
96;2433
97;2098
98;1864
99;1631
100;1569
101;1507
102;1613
103;1720
104;1961
105;2202
106;2222
107;2242
108;2026
109;1811
110;1555
111;1299
112;1168
113;1037
114;952
115;868
116;864
117;861
118;821
119;782
120;818
121;855
122;916
123;977
124;1099
125;1221
126;1435
127;1649
128;1786
129;1924
130;1909
131;1894
132;1808
133;1723
134;1656
135;1589
136;1600
137;1612
138;1688
139;1765
140;1991
141;2217
142;2611
143;3005
144;3083
145;3161
146;2980
147;2799
148;2445
149;2091
150;1873
151;1656
152;1599
153;1543
154;1646
155;1749
156;1922
157;2095
158;2279
159;2464
160;2285
161;2107
162;1853
163;1600
164;1392
165;1185
166;1094
167;1004
168;947
169;891
170;855
171;819
172;820
173;822
174;828
175;835
176;871
177;908
178;1008
179;1108
180;1268
181;1428
182;1602
183;1776
184;1876
185;1976
186;1944
187;1913
188;1812
189;1712
190;1654
191;1596
192;1602
193;1609
194;1637
195;1665
196;1853
197;2042
198;2337
199;2633
200;2919
201;3205
202;3228
203;3252
204;2959
205;2666
206;2346
207;2026
208;1874
209;1723
210;1629
211;1536
212;1581
213;1627
214;1780
215;1934
216;2119
217;2304
218;2345
219;2386
220;2193
221;2000
222;1770
223;1541
224;1341
225;1141
226;1071
227;1001
228;936
229;871
230;837
231;804
232;836
233;868
234;854
235;840
236;835
237;831
238;907
239;984
240;1058
241;1132
242;1265
243;1399
244;1575
245;1752
246;1899
247;2046
248;2042
249;2038
250;1952
251;1867
252;1798
253;1729
254;1676
255;1623
256;1609
257;1596
258;1648
259;1701
260;1858
261;2015
262;2212
263;2410
264;2793
265;3176
266;3268
267;3360
268;3212
269;3065
270;2821
271;2577
272;2328
273;2080
274;1839
275;1598
276;1579
277;1560
278;1570
279;1580
280;1660
281;1740
282;1902
283;2064
284;2234
285;2404
286;2434
287;2464
288;2270
289;2076
290;1876
291;1676
292;1489
293;1303
294;1167
295;1032
296;989
297;946
298;915
299;884
300;847
301;810
302;819
303;828
304;838
305;848
306;835
307;822
308;868
309;915
310;928
311;941
312;1048
313;1155
314;1241
315;1328
316;1496
317;1665
318;1802
319;1940
320;1989
321;2038
322;2043
323;2049
324;1989
325;1929
326;1872
327;1816
328;1728
329;1641
330;1646
331;1651
332;1618
333;1585
334;1629
335;1674
336;1797
337;1920
338;2120
339;2320
340;2619
341;2919
342;3127
343;3336
344;3386
345;3436
346;3298
347;3161
348;2955
349;2750
350;2510
351;2271
352;2084
353;1898
354;1801
355;1705
356;1633
357;1561
358;1539
359;1518
360;1581
361;1645
362;1751
363;1858
364;1999
365;2140
366;2282
367;2424
368;2479
369;2535
370;2445
371;2355
372;2157
373;1960
374;1795
375;1631
376;1485
377;1339
378;1247
379;1155
380;1098
381;1041
382;975
383;910
384;908
385;906
386;894
387;882
388;864
389;846
390;820
391;795
392;807
393;819
394;828
395;837
396;856
397;875
398;906
399;937
400;964
401;992
402;1063
403;1134
404;1187
405;1241
406;1366
407;1492
408;1614
409;1736
410;1845
411;1955
412;2067
413;2180
414;2133
415;2086
416;2039
417;1993
418;1988
419;1984
420;1934
421;1884
422;1829
423;1774
424;1754
425;1734
426;1660
427;1587
428;1584
429;1581
430;1623
431;1665
432;1681
433;1698
434;1808
435;1918
436;2020
437;2122
438;2266
439;2410
440;2639
441;2868
442;3069
443;3271
444;3386
445;3502
446;3550
447;3598
448;3547
449;3496
450;3315
451;3134
452;2976
453;2819
454;2656
455;2493
456;2333
457;2173
458;2086
459;2000
460;1869
461;1738
462;1695
463;1652
464;1615
465;1578
466;1566
467;1554
468;1586
469;1618
470;1661
471;1705
472;1764
473;1823
474;1939
475;2056
476;2174
477;2293
478;2382
479;2471
480;2541
481;2612
482;2572
483;2532
484;2533
485;2535
486;2427
487;2319
488;2175
489;2031
490;1938
491;1845
492;1746
493;1647
494;1559
495;1472
496;1395
497;1319
498;1252
499;1186
500;1147
501;1108
502;1079
503;1050
504;1021
505;993
506;961
507;930
508;923
509;917
510;892
511;868
512;877
513;886
514;872
515;859
516;830
517;802
518;836
519;870
520;846
521;822
522;827
523;833
524;858
525;884
526;862
527;840
528;848
529;857
530;879
531;901
532;921
533;942
534;943
535;944
536;992
537;1041
538;1045
539;1050
540;1082
541;1115
542;1138
543;1161
544;1203
545;1245
546;1275
547;1305
548;1378
549;1452
550;1456
551;1461
552;1563
553;1665
554;1744
555;1823
556;1863
557;1904
558;1963
559;2022
560;2053
561;2084
562;2115
563;2147
564;2185
565;2224
566;2232
567;2240
568;2228
569;2217
570;2181
571;2146
572;2146
573;2146
574;2109
575;2073
576;2037
577;2002
578;1977
579;1953
580;1951
581;1949
582;1917
583;1885
584;1868
585;1851
586;1830
587;1809
588;1787
589;1765
590;1764
591;1763
592;1768
593;1774
594;1784
595;1794
596;1768
597;1742
598;1721
599;1700
600;1700
601;1700
602;1693
603;1687
604;1682
605;1678
606;1639
607;1601
608;1627
609;1654
610;1649
611;1645
612;1648
613;1652
614;1680
615;1709
616;1705
617;1701
618;1744
619;1787
620;1766
621;1745
622;1773
623;1802
624;1801
625;1800
626;1807
627;1814
628;1831
629;1849
630;1905
631;1962
632;1984
633;2007
634;1999
635;1991
636;2019
637;2047
638;2102
639;2158
640;2131
641;2104
642;2159
643;2215
644;2274
645;2333
646;2332
647;2331
648;2345
649;2360
650;2370
651;2380
652;2407
653;2435
654;2497
655;2559
656;2540
657;2521
658;2588
659;2655
660;2621
661;2588
662;2629
663;2670
664;2668
665;2666
666;2677
667;2688
668;2738
669;2788
670;2780
671;2772
672;2846
673;2921
674;2904
675;2887
676;2902
677;2917
678;2891
679;2866
680;2852
681;2839
682;2853
683;2868
684;2853
685;2839
686;2868
687;2897
688;2893
689;2890
690;2854
691;2819
692;2827
693;2836
694;2793
695;2750
696;2791
697;2832
698;2844
699;2857
700;2770
701;2684
702;2680
703;2677
704;2663
705;2650
706;2593
707;2537
708;2552
709;2568
710;2536
711;2504
712;2492
713;2481
714;2435
715;2390
716;2403
717;2417
718;2359
719;2302
720;2309
721;2317
722;2299
723;2282
724;2267
725;2253
726;2193
727;2133
728;2115
729;2098
730;2064
731;2031
732;2022
733;2013
734;1991
735;1969
736;1925
737;1882
738;1862
739;1842
740;1842
741;1843
742;1800
743;1758
744;1737
745;1716
746;1739
747;1762
748;1759
749;1756
750;1729
751;1703
752;1690
753;1678
754;1690
755;1703
756;1669
757;1636
758;1671
759;1707
760;1675
761;1643
762;1636
763;1629
764;1636
765;1643
766;1633
767;1623
768;1658
769;1694
770;1695
771;1696
772;1730
773;1765
774;1766
775;1767
776;1768
777;1769
778;1784
779;1800
780;1821
781;1843
782;1873
783;1904
784;1908
785;1913
786;1925
787;1938
788;1987
789;2036
790;2034
791;2033
792;2060
793;2087
794;2087
795;2087
796;2109
797;2131
798;2187
799;2244
800;2214
801;2184
802;2171
803;2158
804;2162
805;2167
806;2111
807;2056
808;1998
809;1940
810;1898
811;1856
812;1798
813;1740
814;1694
815;1649
816;1593
817;1538
818;1467
819;1396
820;1337
821;1279
822;1261
823;1243
824;1172
825;1101
826;1090
827;1079
828;1061
829;1044
830;1001
831;959
832;957
833;955
834;930
835;906
836;892
837;879
838;872
839;866
840;883
841;901
842;893
843;886
844;866
845;846
846;851
847;857
848;868
849;879
850;882
851;886
852;863
853;840
854;883
855;926
856;908
857;890
858;911
859;932
860;972
861;1013
862;1002
863;992
864;1011
865;1030
866;1093
867;1157
868;1185
869;1214
870;1291
871;1368
872;1433
873;1498
874;1571
875;1645
876;1812
877;1980
878;2096
879;2213
880;2283
881;2353
882;2453
883;2553
884;2559
885;2566
886;2568
887;2570
888;2481
889;2393
890;2293
891;2193
892;2087
893;1982
894;1900
895;1818
896;1771
897;1725
898;1676
899;1627
900;1614
901;1601
902;1599
903;1598
904;1649
905;1701
906;1769
907;1838
908;1921
909;2005
910;2145
911;2286
912;2432
913;2579
914;2753
915;2928
916;3081
917;3234
918;3329
919;3425
920;3456
921;3487
922;3449
923;3411
924;3249
925;3087
926;2901
927;2715
928;2573
929;2431
930;2247
931;2064
932;1964
933;1864
934;1813
935;1763
936;1733
937;1703
938;1723
939;1743
940;1711
941;1680
942;1732
943;1785
944;1811
945;1838
946;1898
947;1958
948;1999
949;2040
950;2063
951;2086
952;2140
953;2195
954;2192
955;2189
956;2065
957;1942
958;1821
959;1701
960;1595
961;1489
962;1359
963;1230
964;1192
965;1154
966;1094
967;1035
968;981
969;928
970;911
971;895
972;888
973;882
974;871
975;861
976;839
977;817
978;828
979;840
980;851
981;862
982;889
983;917
984;948
985;979
986;1053
987;1128
988;1181
989;1234
990;1322
991;1410
992;1589
993;1769
994;1936
995;2104
996;2257
997;2411
998;2476
999;2542
1000;2493
1001;2444
1002;2273
1003;2102
1004;1942
1005;1782
1006;1712
1007;1643
1008;1637
1009;1632
1010;1668
1011;1705
1012;1758
1013;1811
1014;1973
1015;2135
1016;2324
1017;2513
1018;2756
1019;2999
1020;3201
1021;3403
1022;3454
1023;3505
1024;3390
1025;3276
1026;3009
1027;2743
1028;2495
1029;2248
1030;2091
1031;1934
1032;1844
1033;1754
1034;1710
1035;1667
1036;1689
1037;1711
1038;1745
1039;1780
1040;1803
1041;1827
1042;1913
1043;2000
1044;2045
1045;2091
1046;2105
1047;2120
1048;2032
1049;1944
1050;1756
1051;1569
1052;1454
1053;1339
1054;1217
1055;1095
1056;1035
1057;975
1058;934
1059;893
1060;883
1061;873
1062;869
1063;866
1064;865
1065;864
1066;857
1067;850
1068;884
1069;919
1070;1002
1071;1086
1072;1160
1073;1235
1074;1341
1075;1447
1076;1631
1077;1816
1078;2045
1079;2275
1080;2356
1081;2437
1082;2398
1083;2360
1084;2188
1085;2016
1086;1884
1087;1752
1088;1686
1089;1621
1090;1610
1091;1600
1092;1762
1093;1925
1094;2104
1095;2284
1096;2544
1097;2805
1098;2985
1099;3165
1100;3219
1101;3274
1102;3105
1103;2937
1104;2684
1105;2431
1106;2201
1107;1971
1108;1876
1109;1782
1110;1744
1111;1707
1112;1691
1113;1676
1114;1752
1115;1829
1116;1896
1117;1964
1118;2045
1119;2126
1120;2064
1121;2002
1122;1866
1123;1731
1124;1539
1125;1347
1126;1235
1127;1124
1128;1061
1129;999
1130;952
1131;906
1132;891
1133;877
1134;857
1135;837
1136;859
1137;881
1138;911
1139;941
1140;1019
1141;1097
1142;1200
1143;1303
1144;1488
1145;1674
1146;1906
1147;2138
1148;2242
1149;2346
1150;2270
1151;2195
1152;2054
1153;1914
1154;1773
1155;1632
1156;1632
1157;1632
1158;1714
1159;1796
1160;2009
1161;2222
1162;2549
1163;2876
1164;3029
1165;3183
1166;3142
1167;3101
1168;2842
1169;2583
1170;2277
1171;1971
1172;1861
1173;1752
1174;1696
1175;1641
1176;1686
1177;1731
1178;1788
1179;1845
1180;1950
1181;2056
1182;1997
1183;1938
1184;1856
1185;1774
1186;1573
1187;1372
1188;1243
1189;1114
1190;1035
1191;957
1192;919
1193;881
1194;891
1195;901
1196;886
1197;871
1198;896
1199;921
1200;981
1201;1041
1202;1175
1203;1310
1204;1541
1205;1772
1206;1969
1207;2167
1208;2221
1209;2275
1210;2171
1211;2067
1212;1894
1213;1722
1214;1632
1215;1543
1216;1679
1217;1816
1218;2062
1219;2308
1220;2564
1221;2821
1222;2917
1223;3014
1224;2890
1225;2766
1226;2481
1227;2197
1228;1973
1229;1749
1230;1702
1231;1656
1232;1671
1233;1687
1234;1761
1235;1836
1236;1917
1237;1998
1238;1938
1239;1878
1240;1732
1241;1587
1242;1394
1243;1201
1244;1088
1245;975
1246;933
1247;891
1248;894
1249;897
1250;882
1251;868
1252;900
1253;933
1254;1031
1255;1130
1256;1285
1257;1441
1258;1681
1259;1922
1260;2077
1261;2233
1262;2182
1263;2131
1264;1954
1265;1778
1266;1715
1267;1652
1268;1752
1269;1853
1270;2059
1271;2266
1272;2605
1273;2945
1274;2976
1275;3007
1276;2802
1277;2597
1278;2325
1279;2053
1280;1882
1281;1711
1282;1694
1283;1678
1284;1704
1285;1731
1286;1799
1287;1867
1288;1883
1289;1900
1290;1758
1291;1616
1292;1438
1293;1261
1294;1148
1295;1035
1296;963
1297;891
1298;884
1299;877
1300;901
1301;926
1302;999
1303;1072
1304;1197
1305;1323
1306;1532
1307;1742
1308;1944
1309;2146
1310;2119
1311;2093
1312;1949
1313;1805
1314;1732
1315;1660
1316;1798
1317;1936
1318;2218
1319;2501
1320;2736
1321;2972
1322;2846
1323;2721
1324;2507
1325;2293
1326;2079
1327;1865
1328;1782
1329;1700
1330;1741
1331;1782
1332;1837
1333;1893
1334;1878
1335;1864
1336;1773
1337;1683
1338;1459
1339;1235
1340;1164
1341;1094
1342;996
1343;899
1344;911
1345;924
1346;907
1347;890
1348;997
1349;1104
1350;1261
1351;1418
1352;1670
1353;1922
1354;2016
1355;2111
1356;1998
1357;1885
1358;1823
1359;1762
1360;1869
1361;1976
1362;2170
1363;2364
1364;2613
1365;2863
1366;2804
1367;2746
1368;2746
