# Strom: 0.07 A
# Magnetfeld: 7 mT
# Schnitt bei (500,400)
# Mittelung: 1 Pixel
# Magnetfeldsensor kalibriertPixel ; Red Value
1;1463
2;1786
3;2109
4;2300
5;2492
6;2313
7;2135
8;1830
9;1525
10;1255
11;986
12;848
13;711
14;639
15;567
16;509
17;451
18;442
19;433
20;404
21;376
22;374
23;373
24;362
25;351
26;347
27;344
28;342
29;340
30;347
31;354
32;360
33;367
34;381
35;396
36;433
37;471
38;506
39;542
40;589
41;637
42;804
43;972
44;1245
45;1518
46;1903
47;2289
48;2395
49;2502
50;2377
51;2253
52;1905
53;1558
54;1309
55;1061
56;887
57;713
58;651
59;589
60;532
61;476
62;449
63;422
64;403
65;384
66;374
67;365
68;361
69;358
70;361
71;364
72;358
73;353
74;361
75;369
76;357
77;345
78;361
79;378
80;391
81;405
82;414
83;424
84;451
85;478
86;519
87;560
88;668
89;777
90;921
91;1066
92;1404
93;1743
94;2147
95;2552
96;2596
97;2641
98;2419
99;2198
100;1838
101;1479
102;1264
103;1050
104;909
105;769
106;673
107;578
108;515
109;453
110;437
111;422
112;403
113;385
114;381
115;378
116;367
117;356
118;359
119;362
120;351
121;340
122;350
123;360
124;358
125;356
126;347
127;338
128;348
129;358
130;369
131;380
132;390
133;400
134;424
135;449
136;485
137;522
138;569
139;617
140;727
141;837
142;1092
143;1348
144;1662
145;1976
146;2315
147;2655
148;2683
149;2712
150;2464
151;2217
152;1903
153;1590
154;1338
155;1086
156;927
157;769
158;687
159;606
160;548
161;491
162;473
163;455
164;440
165;425
166;399
167;373
168;372
169;371
170;364
171;358
172;341
173;324
174;334
175;344
176;338
177;333
178;342
179;351
180;359
181;367
182;362
183;358
184;359
185;360
186;365
187;371
188;398
189;425
190;440
191;455
192;481
193;507
194;565
195;624
196;688
197;753
198;909
199;1066
200;1353
201;1640
202;1989
203;2339
204;2639
205;2939
206;2875
207;2812
208;2491
209;2171
210;1904
211;1638
212;1402
213;1166
214;1001
215;837
216;756
217;675
218;622
219;569
220;530
221;491
222;471
223;451
224;435
225;420
226;415
227;411
228;403
229;396
230;381
231;367
232;379
233;391
234;375
235;360
236;358
237;356
238;355
239;354
240;362
241;371
242;361
243;351
244;357
245;364
246;381
247;398
248;395
249;393
250;402
251;411
252;417
253;424
254;449
255;475
256;500
257;526
258;563
259;600
260;675
261;751
262;847
263;944
264;1147
265;1350
266;1651
267;1953
268;2344
269;2735
270;2900
271;3065
272;2935
273;2806
274;2538
275;2271
276;1996
277;1722
278;1492
279;1263
280;1153
281;1043
282;887
283;731
284;676
285;622
286;580
287;538
288;517
289;496
290;470
291;444
292;424
293;404
294;416
295;429
296;420
297;411
298;387
299;364
300;365
301;367
302;354
303;342
304;353
305;364
306;360
307;356
308;350
309;345
310;352
311;360
312;364
313;369
314;359
315;349
316;366
317;384
318;377
319;371
320;387
321;404
322;396
323;389
324;399
325;409
326;414
327;420
328;444
329;469
330;490
331;511
332;535
333;560
334;582
335;604
336;679
337;755
338;830
339;906
340;1038
341;1170
342;1344
343;1519
344;1825
345;2131
346;2434
347;2737
348;2946
349;3156
350;3098
351;3041
352;2822
353;2604
354;2401
355;2198
356;1935
357;1672
358;1502
359;1332
360;1157
361;982
362;901
363;820
364;761
365;702
366;665
367;629
368;596
369;564
370;549
371;535
372;504
373;473
374;455
375;438
376;435
377;433
378;424
379;415
380;392
381;369
382;360
383;351
384;358
385;365
386;356
387;347
388;356
389;365
390;364
391;364
392;364
393;365
394;348
395;331
396;337
397;344
398;347
399;351
400;352
401;353
402;343
403;333
404;347
405;362
406;354
407;347
408;357
409;367
410;370
411;374
412;383
413;393
414;382
415;371
416;392
417;413
418;411
419;409
420;419
421;429
422;432
423;435
424;438
425;442
426;465
427;489
428;516
429;544
430;561
431;578
432;591
433;604
434;641
435;678
436;732
437;786
438;861
439;937
440;1046
441;1155
442;1242
443;1330
444;1509
445;1689
446;1923
447;2158
448;2343
449;2528
450;2756
451;2985
452;3071
453;3158
454;3159
455;3160
456;3058
457;2956
458;2789
459;2623
460;2463
461;2304
462;2117
463;1931
464;1823
465;1716
466;1559
467;1403
468;1301
469;1199
470;1105
471;1012
472;964
473;917
474;854
475;791
476;739
477;688
478;671
479;655
480;626
481;598
482;586
483;575
484;559
485;544
486;519
487;495
488;481
489;467
490;463
491;460
492;455
493;451
494;438
495;425
496;432
497;440
498;423
499;407
500;388
501;369
502;376
503;384
504;388
505;393
506;385
507;378
508;361
509;345
510;370
511;396
512;377
513;358
514;360
515;362
516;361
517;360
518;364
519;369
520;363
521;358
522;353
523;349
524;361
525;374
526;374
527;374
528;368
529;362
530;370
531;378
532;363
533;349
534;365
535;382
536;370
537;358
538;361
539;364
540;354
541;344
542;350
543;356
544;355
545;354
546;365
547;376
548;374
549;373
550;371
551;369
552;372
553;376
554;375
555;374
556;380
557;387
558;387
559;387
560;380
561;374
562;375
563;376
564;387
565;398
566;403
567;409
568;395
569;382
570;382
571;382
572;381
573;380
574;401
575;422
576;417
577;413
578;419
579;425
580;428
581;431
582;426
583;422
584;432
585;442
586;443
587;445
588;448
589;451
590;447
591;444
592;467
593;491
594;485
595;480
596;479
597;478
598;472
599;467
600;480
601;493
602;501
603;509
604;516
605;524
606;519
607;515
608;531
609;547
610;564
611;582
612;564
613;546
614;552
615;558
616;574
617;591
618;598
619;606
620;606
621;607
622;639
623;671
624;674
625;678
626;682
627;686
628;698
629;711
630;701
631;691
632;700
633;709
634;713
635;717
636;735
637;753
638;753
639;753
640;783
641;813
642;816
643;819
644;855
645;891
646;865
647;840
648;833
649;826
650;870
651;915
652;895
653;875
654;913
655;952
656;932
657;913
658;922
659;932
660;935
661;939
662;970
663;1001
664;997
665;993
666;1003
667;1013
668;1029
669;1046
670;1014
671;982
672;1005
673;1028
674;1061
675;1094
676;1064
677;1035
678;1034
679;1033
680;1049
681;1066
682;1061
683;1057
684;1055
685;1053
686;1034
687;1015
688;1044
689;1073
690;1082
691;1092
692;1058
693;1024
694;1018
695;1013
696;1031
697;1050
698;1039
699;1028
700;1010
701;992
702;997
703;1002
704;1002
705;1002
706;980
707;959
708;946
709;933
710;937
711;942
712;901
713;861
714;868
715;875
716;893
717;911
718;876
719;842
720;830
721;819
722;809
723;799
724;803
725;808
726;788
727;768
728;770
729;773
730;771
731;769
732;750
733;731
734;722
735;713
736;694
737;675
738;669
739;664
740;657
741;651
742;646
743;642
744;624
745;607
746;615
747;624
748;597
749;571
750;565
751;560
752;563
753;567
754;568
755;569
756;562
757;555
758;549
759;544
760;534
761;524
762;537
763;551
764;527
765;504
766;508
767;513
768;494
769;476
770;481
771;487
772;468
773;449
774;465
775;482
776;483
777;484
778;468
779;453
780;437
781;422
782;434
783;447
784;417
785;387
786;401
787;415
788;415
789;415
790;419
791;424
792;418
793;413
794;408
795;404
796;406
797;409
798;397
799;385
800;390
801;395
802;401
803;407
804;394
805;382
806;372
807;362
808;370
809;378
810;375
811;373
812;369
813;365
814;375
815;385
816;391
817;398
818;383
819;369
820;370
821;371
822;369
823;367
824;368
825;369
826;354
827;340
828;357
829;374
830;366
831;358
832;371
833;385
834;379
835;373
836;363
837;353
838;360
839;367
840;371
841;376
842;376
843;376
844;361
845;347
846;353
847;360
848;372
849;385
850;371
851;358
852;351
853;345
854;375
855;405
856;393
857;382
858;373
859;365
860;376
861;387
862;402
863;418
864;403
865;389
866;399
867;409
868;417
869;425
870;423
871;422
872;443
873;464
874;477
875;491
876;473
877;455
878;458
879;462
880;485
881;509
882;525
883;542
884;552
885;562
886;594
887;626
888;654
889;682
890;705
891;728
892;785
893;842
894;893
895;944
896;1021
897;1099
898;1210
899;1321
900;1435
901;1550
902;1674
903;1798
904;1908
905;2018
906;2219
907;2421
908;2561
909;2701
910;2838
911;2976
912;3037
913;3098
914;3068
915;3039
916;2927
917;2816
918;2560
919;2304
920;2118
921;1933
922;1735
923;1538
924;1374
925;1210
926;1103
927;997
928;962
929;928
930;848
931;768
932;712
933;657
934;650
935;644
936;609
937;575
938;553
939;531
940;513
941;496
942;479
943;462
944;436
945;411
946;413
947;415
948;418
949;422
950;443
951;464
952;435
953;407
954;397
955;387
956;399
957;411
958;414
959;418
960;411
961;404
962;389
963;374
964;378
965;382
966;373
967;364
968;364
969;364
970;365
971;367
972;366
973;365
974;383
975;402
976;390
977;378
978;368
979;358
980;387
981;416
982;411
983;407
984;411
985;416
986;411
987;407
988;416
989;425
990;437
991;449
992;453
993;458
994;490
995;522
996;515
997;509
998;542
999;575
1000;625
1001;675
1002;717
1003;760
1004;826
1005;893
1006;994
1007;1095
1008;1259
1009;1423
1010;1597
1011;1772
1012;1960
1013;2149
1014;2431
1015;2714
1016;2892
1017;3070
1018;3018
1019;2967
1020;2828
1021;2690
1022;2325
1023;1960
1024;1722
1025;1485
1026;1278
1027;1072
1028;981
1029;891
1030;780
1031;669
1032;635
1033;602
1034;581
1035;560
1036;529
1037;498
1038;496
1039;495
1040;485
1041;475
1042;449
1043;424
1044;430
1045;436
1046;427
1047;418
1048;411
1049;405
1050;399
1051;393
1052;387
1053;382
1054;383
1055;385
1056;375
1057;365
1058;365
1059;365
1060;365
1061;365
1062;372
1063;380
1064;378
1065;376
1066;385
1067;395
1068;383
1069;371
1070;390
1071;409
1072;424
1073;440
1074;442
1075;445
1076;449
1077;453
1078;477
1079;502
1080;524
1081;546
1082;589
1083;633
1084;703
1085;773
1086;852
1087;932
1088;1099
1089;1266
1090;1452
1091;1638
1092;1925
1093;2213
1094;2524
1095;2836
1096;2874
1097;2912
1098;2752
1099;2592
1100;2247
1101;1902
1102;1603
1103;1305
1104;1137
1105;970
1106;852
1107;735
1108;680
1109;626
1110;579
1111;533
1112;513
1113;493
1114;460
1115;427
1116;434
1117;442
1118;423
1119;405
1120;403
1121;402
1122;405
1123;409
1124;385
1125;362
1126;380
1127;398
1128;380
1129;362
1130;371
1131;380
1132;368
1133;356
1134;378
1135;400
1136;401
1137;402
1138;413
1139;424
1140;417
1141;411
1142;416
1143;422
1144;434
1145;447
1146;468
1147;489
1148;513
1149;538
1150;572
1151;607
1152;702
1153;797
1154;948
1155;1099
1156;1283
1157;1467
1158;1740
1159;2013
1160;2323
1161;2633
1162;2787
1163;2941
1164;2640
1165;2340
1166;2024
1167;1709
1168;1400
1169;1092
1170;932
1171;773
1172;715
1173;657
1174;585
1175;513
1176;511
1177;509
1178;489
1179;469
1180;450
1181;431
1182;421
1183;411
1184;408
1185;405
1186;384
1187;364
1188;383
1189;402
1190;387
1191;373
1192;365
1193;358
1194;374
1195;391
1196;387
1197;384
1198;377
1199;371
1200;380
1201;389
1202;410
1203;431
1204;460
1205;489
1206;501
1207;513
1208;542
1209;571
1210;623
1211;675
1212;824
1213;973
1214;1140
1215;1308
1216;1586
1217;1865
1218;2231
1219;2597
1220;2669
1221;2741
1222;2423
1223;2106
1224;1756
1225;1407
1226;1177
1227;948
1228;834
1229;720
1230;632
1231;544
1232;517
1233;491
1234;473
1235;456
1236;450
1237;445
1238;427
1239;409
1240;412
1241;415
1242;405
1243;395
1244;385
1245;376
1246;386
1247;396
1248;390
1249;384
1250;397
1251;411
1252;409
1253;407
1254;411
1255;416
1256;442
1257;469
1258;481
1259;493
1260;508
1261;524
1262;578
1263;633
1264;715
1265;797
1266;981
1267;1165
1268;1512
1269;1860
1270;2124
1271;2388
1272;2551
1273;2714
1274;2429
1275;2144
1276;1764
1277;1385
1278;1168
1279;952
1280;815
1281;678
1282;623
1283;569
1284;524
1285;480
1286;466
1287;453
1288;425
1289;398
1290;392
1291;387
1292;399
1293;411
1294;403
1295;396
1296;396
1297;396
1298;380
1299;364
1300;384
1301;404
1302;406
1303;409
1304;405
1305;402
1306;423
1307;444
1308;480
1309;516
1310;561
1311;606
1312;698
1313;790
1314;959
1315;1128
1316;1468
1317;1809
1318;2173
1319;2537
1320;2539
1321;2541
1322;2278
1323;2016
1324;1612
1325;1208
1326;1035
1327;862
1328;750
1329;638
1330;562
1331;486
1332;469
1333;453
1334;434
1335;416
1336;421
1337;427
1338;411
1339;395
1340;386
1341;378
1342;388
1343;398
1344;396
1345;395
1346;400
1347;405
1348;416
1349;427
1350;422
1351;418
1352;454
1353;491
1354;516
1355;542
1356;615
1357;688
1358;837
1359;986
1360;1270
1361;1554
1362;1912
1363;2271
1364;2435
1365;2599
1366;2300
1367;2002
1368;2002
