# Strom: -1.14 A
# Magnetfeld: -106 mT
# Schnitt bei (681,462)
# Mittelung: 1 Pixel
# Magnetfeldsensor kalibriertPixel ; Red Value
1;533
2;554
3;576
4;549
5;522
6;534
7;546
8;535
9;525
10;523
11;522
12;532
13;543
14;538
15;534
16;556
17;578
18;589
19;601
20;628
21;655
22;690
23;726
24;786
25;847
26;915
27;984
28;1132
29;1280
30;1517
31;1754
32;2116
33;2479
34;2798
35;3118
36;3219
37;3320
38;3208
39;3096
40;3110
41;3124
42;3182
43;3241
44;3244
45;3247
46;3003
47;2760
48;2392
49;2024
50;1729
51;1435
52;1283
53;1132
54;1026
55;920
56;849
57;778
58;752
59;727
60;702
61;677
62;660
63;644
64;638
65;632
66;602
67;573
68;576
69;580
70;563
71;547
72;546
73;545
74;529
75;513
76;518
77;523
78;528
79;534
80;528
81;522
82;519
83;515
84;542
85;568
86;564
87;561
88;573
89;585
90;587
91;590
92;608
93;626
94;644
95;662
96;688
97;714
98;765
99;817
100;872
101;927
102;1020
103;1114
104;1267
105;1420
106;1633
107;1847
108;2176
109;2505
110;2800
111;3095
112;3260
113;3425
114;3409
115;3394
116;3315
117;3236
118;3218
119;3200
120;3262
121;3324
122;3383
123;3442
124;3359
125;3275
126;2976
127;2676
128;2381
129;2085
130;1839
131;1592
132;1436
133;1280
134;1185
135;1090
136;1003
137;917
138;876
139;835
140;802
141;770
142;737
143;705
144;690
145;675
146;664
147;653
148;650
149;648
150;626
151;604
152;596
153;588
154;580
155;572
156;564
157;556
158;549
159;542
160;540
161;538
162;538
163;539
164;535
165;532
166;528
167;524
168;522
169;521
170;543
171;566
172;557
173;548
174;538
175;527
176;555
177;583
178;579
179;576
180;586
181;596
182;603
183;610
184;619
185;628
186;644
187;659
188;683
189;707
190;735
191;763
192;785
193;807
194;852
195;897
196;943
197;989
198;1047
199;1106
200;1210
201;1315
202;1452
203;1589
204;1770
205;1951
206;2212
207;2474
208;2694
209;2914
210;3065
211;3217
212;3329
213;3441
214;3387
215;3334
216;3317
217;3300
218;3221
219;3142
220;3156
221;3170
222;3211
223;3252
224;3305
225;3358
226;3378
227;3398
228;3351
229;3304
230;3205
231;3107
232;2878
233;2650
234;2480
235;2310
236;2101
237;1893
238;1742
239;1592
240;1484
241;1377
242;1288
243;1199
244;1149
245;1100
246;1063
247;1026
248;966
249;906
250;882
251;858
252;833
253;809
254;781
255;753
256;732
257;711
258;714
259;717
260;711
261;706
262;700
263;695
264;666
265;637
266;641
267;646
268;639
269;633
270;623
271;614
272;600
273;586
274;585
275;584
276;567
277;550
278;544
279;537
280;552
281;566
282;566
283;565
284;556
285;547
286;549
287;551
288;559
289;568
290;561
291;555
292;549
293;544
294;539
295;535
296;549
297;563
298;566
299;569
300;553
301;538
302;551
303;565
304;564
305;563
306;582
307;601
308;584
309;567
310;584
311;601
312;589
313;578
314;590
315;603
316;593
317;584
318;604
319;625
320;625
321;626
322;620
323;614
324;612
325;610
326;624
327;637
328;636
329;635
330;641
331;647
332;657
333;667
334;671
335;675
336;683
337;691
338;694
339;697
340;711
341;725
342;717
343;710
344;733
345;757
346;782
347;807
348;813
349;818
350;812
351;806
352;835
353;864
354;874
355;883
356;908
357;934
358;927
359;920
360;953
361;986
362;1008
363;1031
364;1045
365;1059
366;1092
367;1125
368;1152
369;1179
370;1215
371;1251
372;1282
373;1313
374;1344
375;1376
376;1411
377;1446
378;1507
379;1568
380;1617
381;1667
382;1719
383;1772
384;1804
385;1836
386;1929
387;2022
388;2068
389;2114
390;2199
391;2285
392;2310
393;2335
394;2390
395;2445
396;2545
397;2646
398;2684
399;2722
400;2799
401;2876
402;2958
403;3040
404;3052
405;3064
406;3134
407;3205
408;3210
409;3216
410;3261
411;3306
412;3344
413;3383
414;3380
415;3378
416;3378
417;3378
418;3403
419;3429
420;3470
421;3511
422;3514
423;3517
424;3496
425;3476
426;3456
427;3437
428;3464
429;3492
430;3476
431;3461
432;3475
433;3489
434;3487
435;3485
436;3460
437;3435
438;3460
439;3485
440;3479
441;3472
442;3453
443;3433
444;3378
445;3323
446;3358
447;3393
448;3395
449;3396
450;3410
451;3423
452;3402
453;3380
454;3415
455;3450
456;3406
457;3363
458;3372
459;3381
460;3387
461;3394
462;3405
463;3417
464;3421
465;3426
466;3416
467;3405
468;3438
469;3471
470;3434
471;3398
472;3412
473;3426
474;3412
475;3398
476;3416
477;3434
478;3434
479;3434
480;3454
481;3473
482;3466
483;3459
484;3463
485;3467
486;3449
487;3431
488;3448
489;3465
490;3467
491;3470
492;3475
493;3481
494;3485
495;3489
496;3485
497;3482
498;3463
499;3444
500;3449
501;3454
502;3405
503;3356
504;3334
505;3312
506;3268
507;3225
508;3208
509;3192
510;3166
511;3140
512;3104
513;3069
514;3013
515;2958
516;2918
517;2877
518;2801
519;2724
520;2697
521;2670
522;2572
523;2474
524;2411
525;2349
526;2277
527;2205
528;2162
529;2119
530;2050
531;1981
532;1932
533;1883
534;1802
535;1720
536;1678
537;1637
538;1598
539;1559
540;1509
541;1459
542;1420
543;1381
544;1337
545;1293
546;1249
547;1204
548;1186
549;1168
550;1111
551;1054
552;1028
553;1002
554;1006
555;1010
556;990
557;969
558;937
559;905
560;896
561;888
562;869
563;850
564;836
565;823
566;820
567;818
568;809
569;801
570;772
571;744
572;738
573;732
574;727
575;722
576;727
577;732
578;716
579;700
580;688
581;676
582;677
583;677
584;680
585;684
586;673
587;662
588;655
589;647
590;636
591;624
592;630
593;636
594;643
595;649
596;635
597;622
598;613
599;604
600;613
601;623
602;606
603;589
604;587
605;584
606;583
607;583
608;579
609;576
610;590
611;605
612;601
613;597
614;592
615;588
616;587
617;586
618;583
619;580
620;586
621;593
622;577
623;561
624;582
625;603
626;602
627;602
628;588
629;575
630;574
631;574
632;573
633;572
634;575
635;578
636;591
637;604
638;600
639;596
640;601
641;606
642;617
643;629
644;636
645;643
646;641
647;640
648;638
649;637
650;635
651;634
652;654
653;675
654;663
655;652
656;662
657;672
658;691
659;711
660;731
661;752
662;744
663;736
664;773
665;811
666;847
667;884
668;900
669;917
670;940
671;964
672;992
673;1020
674;1101
675;1183
676;1267
677;1351
678;1455
679;1559
680;1727
681;1895
682;2059
683;2223
684;2418
685;2613
686;2775
687;2936
688;3034
689;3131
690;3173
691;3214
692;3122
693;3031
694;2973
695;2915
696;2868
697;2821
698;2870
699;2919
700;2987
701;3055
702;3075
703;3095
704;3089
705;3084
706;2954
707;2825
708;2641
709;2458
710;2223
711;1989
712;1808
713;1627
714;1491
715;1356
716;1223
717;1090
718;1036
719;981
720;931
721;882
722;835
723;789
724;772
725;756
726;729
727;703
728;685
729;667
730;649
731;630
732;631
733;631
734;632
735;633
736;608
737;583
738;576
739;569
740;568
741;568
742;572
743;576
744;577
745;579
746;574
747;570
748;570
749;571
750;563
751;555
752;560
753;566
754;558
755;550
756;551
757;552
758;543
759;534
760;552
761;570
762;558
763;546
764;572
765;598
766;593
767;589
768;609
769;629
770;614
771;599
772;631
773;663
774;689
775;716
776;737
777;757
778;780
779;802
780;866
781;930
782;1001
783;1072
784;1197
785;1323
786;1516
787;1710
788;1933
789;2155
790;2426
791;2696
792;2877
793;3058
794;3031
795;3004
796;2908
797;2813
798;2786
799;2760
800;2809
801;2858
802;2918
803;2977
804;2928
805;2879
806;2640
807;2401
808;2087
809;1773
810;1582
811;1392
812;1251
813;1110
814;1012
815;915
816;867
817;819
818;769
819;720
820;689
821;657
822;639
823;621
824;615
825;610
826;581
827;553
828;557
829;562
830;551
831;540
832;548
833;557
834;552
835;548
836;538
837;527
838;534
839;540
840;544
841;547
842;539
843;532
844;533
845;535
846;548
847;561
848;562
849;563
850;582
851;602
852;607
853;613
854;626
855;640
856;642
857;645
858;684
859;724
860;770
861;817
862;916
863;1014
864;1135
865;1255
866;1490
867;1724
868;2021
869;2318
870;2526
871;2735
872;2744
873;2753
874;2657
875;2561
876;2567
877;2574
878;2695
879;2817
880;2673
881;2529
882;2268
883;2008
884;1731
885;1455
886;1263
887;1071
888;956
889;842
890;788
891;734
892;687
893;640
894;628
895;616
896;594
897;573
898;546
899;519
900;531
901;544
902;533
903;523
904;518
905;513
906;523
907;533
908;530
909;527
910;527
911;526
912;519
913;512
914;505
915;498
916;520
917;542
918;542
