# Strom: -5.20 A
# Magnetfeld: -437 mT
# Schnitt bei (681,462)
# Mittelung: 1 Pixel
# Magnetfeldsensor kalibriertPixel ; Red Value
1;3070
2;2947
3;2825
4;2513
5;2202
6;1842
7;1483
8;1309
9;1135
10;1048
11;961
12;916
13;871
14;815
15;760
16;724
17;689
18;662
19;635
20;613
21;591
22;578
23;566
24;586
25;607
26;582
27;558
28;591
29;624
30;640
31;657
32;695
33;733
34;771
35;810
36;858
37;906
38;1021
39;1137
40;1337
41;1538
42;1984
43;2430
44;2771
45;3112
46;3035
47;2958
48;2598
49;2238
50;1876
51;1514
52;1337
53;1161
54;1047
55;933
56;920
57;908
58;878
59;848
60;808
61;768
62;715
63;662
64;627
65;593
66;586
67;580
68;553
69;526
70;537
71;549
72;566
73;584
74;602
75;620
76;657
77;695
78;707
79;720
80;782
81;844
82;863
83;882
84;945
85;1008
86;1174
87;1341
88;1604
89;1867
90;2264
91;2661
92;2989
93;3318
94;3108
95;2899
96;2472
97;2046
98;1765
99;1485
100;1289
101;1094
102;1040
103;986
104;939
105;893
106;885
107;877
108;841
109;806
110;751
111;697
112;667
113;638
114;613
115;589
116;572
117;555
118;550
119;546
120;546
121;546
122;558
123;571
124;595
125;620
126;627
127;635
128;668
129;702
130;758
131;815
132;837
133;859
134;913
135;968
136;1060
137;1152
138;1319
139;1487
140;1845
141;2204
142;2655
143;3107
144;3260
145;3413
146;3198
147;2983
148;2552
149;2122
150;1810
151;1498
152;1352
153;1206
154;1135
155;1064
156;1015
157;966
158;942
159;919
160;896
161;873
162;806
163;740
164;694
165;648
166;629
167;611
168;599
169;587
170;575
171;564
172;568
173;573
174;548
175;524
176;543
177;562
178;593
179;624
180;621
181;618
182;651
183;684
184;705
185;726
186;764
187;802
188;869
189;937
190;928
191;919
192;996
193;1073
194;1208
195;1343
196;1619
197;1896
198;2325
199;2755
200;3137
201;3520
202;3469
203;3418
204;3145
205;2872
206;2481
207;2091
208;1814
209;1538
210;1390
211;1243
212;1154
213;1066
214;1029
215;993
216;981
217;970
218;935
219;901
220;857
221;813
222;774
223;735
224;718
225;702
226;677
227;653
228;609
229;566
230;562
231;558
232;552
233;547
234;565
235;584
236;554
237;524
238;538
239;553
240;572
241;591
242;618
243;646
244;665
245;684
246;722
247;760
248;795
249;830
250;856
251;882
252;886
253;890
254;928
255;966
256;1039
257;1112
258;1253
259;1394
260;1587
261;1780
262;2092
263;2404
264;2836
265;3269
266;3449
267;3629
268;3488
269;3347
270;3055
271;2763
272;2410
273;2058
274;1820
275;1583
276;1437
277;1292
278;1204
279;1117
280;1061
281;1006
282;969
283;933
284;932
285;932
286;894
287;857
288;825
289;793
290;760
291;728
292;696
293;664
294;633
295;602
296;613
297;624
298;615
299;607
300;591
301;575
302;577
303;580
304;570
305;560
306;559
307;558
308;554
309;551
310;561
311;571
312;574
313;578
314;608
315;638
316;646
317;655
318;703
319;751
320;770
321;790
322;805
323;820
324;850
325;881
326;901
327;921
328;947
329;973
330;998
331;1024
332;1088
333;1152
334;1273
335;1394
336;1557
337;1720
338;1967
339;2215
340;2578
341;2941
342;3245
343;3549
344;3602
345;3655
346;3585
347;3515
348;3242
349;2970
350;2681
351;2393
352;2133
353;1874
354;1688
355;1503
356;1355
357;1208
358;1176
359;1144
360;1080
361;1017
362;989
363;962
364;968
365;975
366;965
367;955
368;916
369;877
370;861
371;846
372;803
373;760
374;724
375;689
376;688
377;688
378;668
379;648
380;627
381;607
382;596
383;586
384;566
385;547
386;560
387;573
388;578
389;584
390;577
391;571
392;568
393;566
394;546
395;527
396;542
397;557
398;550
399;544
400;567
401;591
402;594
403;598
404;611
405;624
406;625
407;626
408;647
409;669
410;704
411;739
412;756
413;773
414;787
415;802
416;806
417;810
418;842
419;875
420;868
421;861
422;894
423;928
424;926
425;924
426;966
427;1008
428;1071
429;1134
430;1164
431;1195
432;1261
433;1328
434;1438
435;1549
436;1739
437;1929
438;2144
439;2360
440;2628
441;2897
442;3111
443;3325
444;3502
445;3680
446;3754
447;3829
448;3754
449;3680
450;3547
451;3414
452;3168
453;2923
454;2779
455;2635
456;2436
457;2237
458;2038
459;1840
460;1725
461;1610
462;1507
463;1405
464;1339
465;1274
466;1209
467;1144
468;1105
469;1066
470;1069
471;1072
472;1069
473;1066
474;1037
475;1008
476;1001
477;995
478;971
479;948
480;937
481;926
482;928
483;930
484;904
485;879
486;855
487;831
488;820
489;810
490;769
491;728
492;721
493;715
494;696
495;677
496;678
497;680
498;677
499;675
500;646
501;617
502;607
503;597
504;593
505;589
506;583
507;578
508;567
509;557
510;548
511;540
512;568
513;597
514;590
515;584
516;567
517;551
518;554
519;557
520;550
521;544
522;555
523;566
524;557
525;549
526;551
527;553
528;549
529;546
530;556
531;567
532;584
533;602
534;600
535;598
536;572
537;547
538;573
539;600
540;581
541;562
542;562
543;562
544;598
545;635
546;621
547;607
548;628
549;649
550;649
551;649
552;674
553;700
554;679
555;658
556;687
557;717
558;755
559;793
560;774
561;755
562;756
563;757
564;789
565;822
566;812
567;802
568;797
569;793
570;816
571;840
572;864
573;888
574;871
575;855
576;874
577;893
578;887
579;882
580;855
581;828
582;859
583;890
584;890
585;891
586;908
587;926
588;939
589;952
590;957
591;962
592;977
593;993
594;967
595;942
596;960
597;979
598;1009
599;1039
600;1066
601;1094
602;1085
603;1077
604;1076
605;1075
606;1091
607;1108
608;1123
609;1139
610;1170
611;1201
612;1223
613;1245
614;1228
615;1212
616;1239
617;1266
618;1294
619;1323
620;1349
621;1376
622;1403
623;1430
624;1463
625;1496
626;1511
627;1527
628;1607
629;1687
630;1663
631;1640
632;1685
633;1731
634;1767
635;1803
636;1803
637;1803
638;1854
639;1905
640;1930
641;1955
642;1973
643;1991
644;2031
645;2071
646;2120
647;2169
648;2176
649;2184
650;2243
651;2302
652;2323
653;2344
654;2368
655;2393
656;2433
657;2473
658;2474
659;2475
660;2507
661;2539
662;2588
663;2637
664;2654
665;2672
666;2650
667;2628
668;2661
669;2694
670;2760
671;2826
672;2839
673;2852
674;2834
675;2816
676;2798
677;2781
678;2793
679;2806
680;2802
681;2799
682;2788
683;2777
684;2824
685;2872
686;2825
687;2779
688;2794
689;2810
690;2818
691;2826
692;2809
693;2792
694;2744
695;2697
696;2715
697;2734
698;2697
699;2661
700;2659
701;2657
702;2649
703;2641
704;2592
705;2544
706;2508
707;2473
708;2494
709;2515
710;2451
711;2388
712;2379
713;2371
714;2319
715;2268
716;2259
717;2251
718;2211
719;2171
720;2119
721;2067
722;2092
723;2117
724;2061
725;2005
726;1958
727;1911
728;1867
729;1823
730;1787
731;1751
732;1763
733;1776
734;1712
735;1649
736;1631
737;1614
738;1589
739;1565
740;1548
741;1532
742;1471
743;1410
744;1400
745;1390
746;1356
747;1323
748;1288
749;1254
750;1252
751;1250
752;1280
753;1310
754;1260
755;1210
756;1183
757;1157
758;1139
759;1121
760;1096
761;1072
762;1101
763;1130
764;1091
765;1052
766;1030
767;1008
768;1019
769;1030
770;1000
771;970
772;961
773;952
774;919
775;886
776;917
777;948
778;910
779;873
780;890
781;908
782;904
783;901
784;908
785;915
786;901
787;888
788;879
789;870
790;880
791;890
792;883
793;877
794;867
795;857
796;832
797;808
798;809
799;810
800;802
801;795
802;802
803;810
804;796
805;782
806;778
807;775
808;746
809;717
810;710
811;704
812;696
813;688
814;692
815;697
816;672
817;648
818;657
819;666
820;657
821;648
822;617
823;586
824;583
825;580
826;580
827;580
828;582
829;584
830;585
831;586
832;582
833;578
834;577
835;577
836;585
837;593
838;599
839;606
840;600
841;595
842;587
843;580
844;573
845;566
846;561
847;557
848;563
849;569
850;579
851;589
852;592
853;595
854;592
855;589
856;596
857;604
858;600
859;597
860;594
861;591
862;612
863;633
864;629
865;626
866;657
867;689
868;688
869;688
870;708
871;728
872;732
873;737
874;756
875;775
876;789
877;804
878;799
879;795
880;842
881;890
882;901
883;913
884;928
885;944
886;958
887;972
888;979
889;986
890;964
891;942
892;973
893;1004
894;1021
895;1039
896;1046
897;1053
898;1108
899;1163
900;1187
901;1212
902;1283
903;1354
904;1446
905;1538
906;1619
907;1700
908;1874
909;2049
910;2200
911;2351
912;2542
913;2734
914;2945
915;3156
916;3324
917;3493
918;3593
919;3693
920;3706
921;3720
922;3624
923;3529
924;3328
925;3127
926;2923
927;2719
928;2430
929;2142
930;1968
931;1794
932;1683
933;1572
934;1466
935;1361
936;1293
937;1226
938;1157
939;1088
940;1062
941;1037
942;991
943;946
944;939
945;932
946;928
947;924
948;918
949;913
950;863
951;813
952;837
953;861
954;824
955;788
956;764
957;740
958;721
959;702
960;682
961;662
962;655
963;648
964;635
965;622
966;616
967;611
968;595
969;580
970;593
971;606
972;606
973;607
974;602
975;597
976;598
977;600
978;593
979;586
980;595
981;604
982;612
983;620
984;619
985;618
986;627
987;637
988;651
989;666
990;700
991;735
992;754
993;773
994;798
995;824
996;870
997;917
998;962
999;1008
1000;1016
1001;1024
1002;1013
1003;1002
1004;1007
1005;1012
1006;1034
1007;1057
1008;1106
1009;1155
1010;1269
1011;1383
1012;1517
1013;1652
1014;1848
1015;2044
1016;2294
1017;2544
1018;2867
1019;3191
1020;3380
1021;3569
1022;3626
1023;3684
1024;3490
1025;3296
1026;2986
1027;2677
1028;2385
1029;2093
1030;1858
1031;1623
1032;1508
1033;1394
1034;1262
1035;1130
1036;1086
1037;1043
1038;1028
1039;1013
1040;971
1041;930
1042;890
1043;850
1044;843
1045;837
1046;818
1047;799
1048;776
1049;753
1050;707
1051;662
1052;648
1053;635
1054;620
1055;606
1056;603
1057;600
1058;583
1059;566
1060;566
1061;566
1062;579
1063;593
1064;589
1065;586
1066;601
1067;617
1068;623
1069;629
1070;629
1071;629
1072;655
1073;682
1074;691
1075;700
1076;734
1077;769
1078;783
1079;797
1080;870
1081;944
1082;941
1083;939
1084;950
1085;962
1086;991
1087;1021
1088;1084
1089;1148
1090;1252
1091;1356
1092;1570
1093;1785
1094;2011
1095;2238
1096;2585
1097;2932
1098;3162
1099;3393
1100;3414
1101;3436
1102;3203
1103;2970
1104;2553
1105;2137
1106;1892
1107;1647
1108;1474
1109;1301
1110;1202
1111;1104
1112;1046
1113;988
1114;954
1115;921
1116;886
1117;851
1118;841
1119;831
1120;825
1121;819
1122;777
1123;735
1124;690
1125;646
1126;647
1127;648
1128;602
1129;557
1130;570
1131;584
1132;586
1133;589
1134;593
1135;598
1136;599
1137;600
1138;620
1139;640
1140;644
1141;648
1142;665
1143;682
1144;726
1145;771
1146;777
1147;784
1148;824
1149;864
1150;872
1151;881
1152;908
1153;935
1154;1006
1155;1077
1156;1166
1157;1256
1158;1439
1159;1623
1160;1947
1161;2271
1162;2643
1163;3016
1164;3201
1165;3387
1166;3246
1167;3105
1168;2783
1169;2461
1170;2108
1171;1756
1172;1534
1173;1312
1174;1197
1175;1083
1176;1004
1177;926
1178;918
1179;911
1180;864
1181;817
1182;819
1183;822
1184;786
1185;751
1186;708
1187;666
1188;628
1189;591
1190;600
1191;609
1192;600
1193;591
1194;588
1195;586
1196;566
1197;546
1198;586
1199;626
1200;611
1201;597
1202;643
1203;689
1204;708
1205;728
1206;789
1207;850
1208;864
1209;879
1210;903
1211;928
1212;976
1213;1024
1214;1129
1215;1234
1216;1472
1217;1711
1218;2026
1219;2342
1220;2680
1221;3019
1222;3078
1223;3138
1224;2916
1225;2694
1226;2329
1227;1965
1228;1686
1229;1408
1230;1259
1231;1110
1232;1018
1233;926
1234;880
1235;835
1236;845
1237;855
1238;827
1239;800
1240;733
1241;666
1242;665
1243;664
1244;642
1245;620
1246;587
1247;555
1248;554
1249;553
1250;576
1251;600
1252;616
1253;633
1254;619
1255;606
1256;647
1257;689
1258;734
1259;780
1260;796
1261;813
1262;864
1263;915
1264;952
1265;990
1266;1102
1267;1215
1268;1413
1269;1612
1270;1941
1271;2271
1272;2616
1273;2961
1274;3028
1275;3096
1276;2799
1277;2502
1278;2147
1279;1793
1280;1536
1281;1279
1282;1165
1283;1052
1284;995
1285;939
1286;891
1287;844
1288;801
1289;759
1290;742
1291;726
1292;694
1293;662
1294;623
1295;584
1296;595
1297;606
1298;581
1299;557
1300;577
1301;598
1302;613
1303;628
1304;641
1305;655
1306;702
1307;749
1308;797
1309;846
1310;889
1311;933
1312;980
1313;1028
1314;1116
1315;1205
1316;1495
1317;1785
1318;2152
1319;2519
1320;2772
1321;3025
1322;2968
1323;2912
1324;2537
1325;2162
1326;1812
1327;1463
1328;1286
1329;1110
1330;1029
1331;948
1332;921
1333;895
1334;826
1335;757
1336;742
1337;728
1338;681
1339;635
1340;620
1341;606
1342;598
1343;591
1344;603
1345;615
1346;625
1347;635
1348;622
1349;609
1350;629
1351;649
1352;707
1353;766
1354;832
1355;899
1356;927
1357;955
1358;1065
1359;1175
1360;1421
1361;1667
1362;2068
1363;2470
1364;2720
1365;2970
1366;2871
1367;2772
1368;2772
