# Strom: -2.85 A
# Magnetfeld: -258 mT
# Schnitt bei (681,462)
# Mittelung: 1 Pixel
# Magnetfeldsensor kalibriertPixel ; Red Value
1;502
2;495
3;489
4;491
5;492
6;498
7;505
8;493
9;481
10;482
11;483
12;504
13;526
14;546
15;566
16;588
17;611
18;651
19;692
20;775
21;859
22;968
23;1078
24;1293
25;1509
26;1828
27;2147
28;2355
29;2563
30;2499
31;2435
32;2176
33;1917
34;1692
35;1466
36;1380
37;1294
38;1278
39;1263
40;1243
41;1223
42;1252
43;1282
44;1341
45;1401
46;1581
47;1762
48;2003
49;2244
50;2422
51;2600
52;2553
53;2507
54;2219
55;1931
56;1669
57;1408
58;1224
59;1040
60;933
61;827
62;766
63;704
64;662
65;621
66;617
67;614
68;581
69;549
70;542
71;536
72;537
73;538
74;523
75;508
76;520
77;533
78;509
79;485
80;491
81;496
82;501
83;506
84;514
85;523
86;536
87;549
88;561
89;573
90;607
91;641
92;696
93;750
94;805
95;859
96;947
97;1036
98;1210
99;1384
100;1599
101;1814
102;2039
103;2265
104;2368
105;2471
106;2368
107;2266
108;2054
109;1843
110;1641
111;1438
112;1344
113;1250
114;1208
115;1167
116;1164
117;1161
118;1139
119;1117
120;1123
121;1129
122;1187
123;1245
124;1336
125;1428
126;1576
127;1724
128;1906
129;2089
130;2233
131;2378
132;2394
133;2409
134;2220
135;2031
136;1829
137;1628
138;1429
139;1230
140;1105
141;979
142;901
143;823
144;774
145;725
146;692
147;659
148;640
149;622
150;602
151;582
152;561
153;541
154;526
155;512
156;520
157;528
158;510
159;493
160;491
161;489
162;494
163;499
164;490
165;482
166;494
167;506
168;490
169;474
170;490
171;505
172;506
173;507
174;522
175;538
176;541
177;544
178;562
179;581
180;597
181;613
182;639
183;665
184;696
185;727
186;775
187;823
188;876
189;930
190;1018
191;1105
192;1244
193;1382
194;1542
195;1702
196;1897
197;2092
198;2252
199;2412
200;2509
201;2607
202;2598
203;2589
204;2492
205;2396
206;2219
207;2042
208;1893
209;1744
210;1608
211;1473
212;1398
213;1324
214;1299
215;1274
216;1270
217;1265
218;1278
219;1291
220;1284
221;1278
222;1282
223;1286
224;1298
225;1310
226;1331
227;1352
228;1412
229;1472
230;1551
231;1631
232;1736
233;1841
234;2005
235;2169
236;2304
237;2439
238;2532
239;2625
240;2649
241;2673
242;2580
243;2488
244;2348
245;2208
246;2053
247;1897
248;1745
249;1593
250;1459
251;1325
252;1226
253;1128
254;1060
255;992
256;938
257;884
258;829
259;774
260;738
261;703
262;679
263;655
264;655
265;654
266;647
267;640
268;620
269;600
270;589
271;579
272;582
273;584
274;561
275;538
276;535
277;532
278;516
279;501
280;503
281;505
282;503
283;501
284;491
285;481
286;486
287;491
288;485
289;480
290;481
291;483
292;486
293;489
294;485
295;482
296;485
297;489
298;488
299;487
300;483
301;478
302;485
303;492
304;495
305;497
306;504
307;511
308;515
309;519
310;520
311;521
312;529
313;538
314;542
315;545
316;550
317;555
318;566
319;577
320;573
321;569
322;582
323;595
324;609
325;623
326;630
327;638
328;634
329;631
330;661
331;691
332;717
333;744
334;752
335;760
336;775
337;791
338;821
339;852
340;879
341;907
342;938
343;970
344;1013
345;1056
346;1105
347;1154
348;1193
349;1232
350;1274
351;1315
352;1401
353;1487
354;1549
355;1611
356;1713
357;1814
358;1869
359;1923
360;2013
361;2104
362;2177
363;2251
364;2340
365;2430
366;2438
367;2447
368;2522
369;2598
370;2638
371;2678
372;2699
373;2721
374;2702
375;2683
376;2696
377;2710
378;2675
379;2641
380;2623
381;2604
382;2565
383;2525
384;2497
385;2469
386;2429
387;2389
388;2311
389;2232
390;2195
391;2159
392;2123
393;2087
394;2060
395;2033
396;1971
397;1910
398;1851
399;1792
400;1773
401;1755
402;1718
403;1680
404;1668
405;1656
406;1626
407;1597
408;1566
409;1535
410;1546
411;1557
412;1524
413;1491
414;1461
415;1431
416;1417
417;1403
418;1393
419;1383
420;1389
421;1396
422;1374
423;1352
424;1350
425;1348
426;1329
427;1311
428;1297
429;1284
430;1278
431;1272
432;1274
433;1275
434;1269
435;1264
436;1272
437;1281
438;1242
439;1204
440;1213
441;1221
442;1219
443;1217
444;1219
445;1222
446;1227
447;1233
448;1210
449;1186
450;1192
451;1199
452;1216
453;1234
454;1209
455;1184
456;1187
457;1190
458;1204
459;1219
460;1188
461;1157
462;1175
463;1193
464;1194
465;1195
466;1194
467;1193
468;1200
469;1208
470;1193
471;1178
472;1189
473;1201
474;1205
475;1209
476;1199
477;1189
478;1203
479;1217
480;1213
481;1209
482;1213
483;1217
484;1214
485;1211
486;1222
487;1233
488;1240
489;1247
490;1254
491;1262
492;1258
493;1255
494;1267
495;1280
496;1281
497;1283
498;1301
499;1319
500;1336
501;1354
502;1359
503;1364
504;1375
505;1387
506;1408
507;1430
508;1444
509;1459
510;1476
511;1492
512;1502
513;1512
514;1554
515;1596
516;1628
517;1661
518;1698
519;1734
520;1772
521;1810
522;1841
523;1872
524;1899
525;1926
526;1982
527;2038
528;2092
529;2146
530;2190
531;2234
532;2311
533;2388
534;2441
535;2495
536;2516
537;2538
538;2545
539;2551
540;2573
541;2596
542;2586
543;2577
544;2576
545;2575
546;2565
547;2555
548;2525
549;2495
550;2429
551;2363
552;2294
553;2225
554;2173
555;2122
556;2034
557;1946
558;1871
559;1796
560;1734
561;1673
562;1594
563;1516
564;1440
565;1364
566;1314
567;1264
568;1215
569;1166
570;1118
571;1070
572;1040
573;1011
574;972
575;933
576;899
577;866
578;832
579;799
580;783
581;767
582;769
583;771
584;750
585;729
586;719
587;709
588;704
589;699
590;677
591;654
592;637
593;620
594;608
595;596
596;578
597;560
598;561
599;562
600;559
601;556
602;545
603;534
604;538
605;543
606;521
607;499
608;508
609;517
610;526
611;535
612;515
613;496
614;497
615;499
616;488
617;478
618;483
619;487
620;483
621;480
622;494
623;509
624;512
625;516
626;507
627;498
628;501
629;505
630;507
631;509
632;497
633;486
634;496
635;506
636;516
637;526
638;533
639;540
640;538
641;537
642;544
643;552
644;547
645;542
646;560
647;578
648;577
649;577
650;597
651;617
652;630
653;643
654;659
655;676
656;692
657;709
658;746
659;783
660;827
661;870
662;900
663;929
664;1008
665;1088
666;1192
667;1297
668;1412
669;1528
670;1682
671;1836
672;1941
673;2046
674;2169
675;2293
676;2337
677;2381
678;2341
679;2300
680;2183
681;2065
682;1947
683;1829
684;1706
685;1584
686;1487
687;1390
688;1322
689;1254
690;1215
691;1175
692;1149
693;1123
694;1149
695;1175
696;1161
697;1147
698;1159
699;1171
700;1176
701;1181
702;1180
703;1180
704;1246
705;1312
706;1380
707;1448
708;1573
709;1699
710;1865
711;2032
712;2166
713;2300
714;2370
715;2441
716;2418
717;2396
718;2267
719;2138
720;1928
721;1718
722;1554
723;1390
724;1264
725;1138
726;1044
727;950
728;891
729;833
730;801
731;769
732;724
733;679
734;664
735;650
736;630
737;610
738;584
739;559
740;541
741;524
742;525
743;527
744;525
745;524
746;523
747;523
748;521
749;519
750;511
751;503
752;494
753;485
754;492
755;499
756;494
757;488
758;496
759;503
760;509
761;514
762;515
763;515
764;530
765;545
766;559
767;574
768;596
769;618
770;630
771;641
772;688
773;735
774;807
775;879
776;982
777;1085
778;1215
779;1346
780;1539
781;1731
782;1867
783;2003
784;2089
785;2175
786;2061
787;1948
788;1751
789;1555
790;1421
791;1287
792;1209
793;1131
794;1077
795;1023
796;1008
797;993
798;987
799;982
800;1003
801;1024
802;1027
803;1030
804;1084
805;1138
806;1310
807;1482
808;1645
809;1809
810;1933
811;2057
812;2039
813;2021
814;1827
815;1633
816;1439
817;1244
818;1087
819;930
820;851
821;772
822;719
823;666
824;627
825;588
826;573
827;559
828;550
829;541
830;517
831;493
832;483
833;474
834;463
835;453
836;469
837;486
838;474
839;463
840;469
841;476
842;488
843;500
844;492
845;485
846;487
847;490
848;511
849;532
850;540
851;549
852;583
853;617
854;671
855;726
856;809
857;892
858;1025
859;1158
860;1366
861;1575
862;1759
863;1944
864;2017
865;2091
866;1972
867;1853
868;1645
869;1437
870;1329
871;1221
872;1129
873;1037
874;1038
875;1039
876;1020
877;1001
878;1040
879;1078
880;1154
881;1231
882;1413
883;1596
884;1798
885;2000
886;2001
887;2003
888;1836
889;1669
890;1460
891;1252
892;1089
893;926
894;831
895;737
896;685
897;634
898;600
899;566
900;549
901;533
902;522
903;511
904;494
905;478
906;473
907;468
908;462
909;455
910;454
911;453
912;449
913;446
914;465
915;484
916;492
917;499
918;499
