# Strom: -4.38 A
# Magnetfeld: -380 mT
# Schnitt bei (681,462)
# Mittelung: 1 Pixel
# Magnetfeldsensor kalibriertPixel ; Red Value
1;872
2;846
3;820
4;807
5;794
6;774
7;755
8;751
9;746
10;754
11;763
12;786
13;810
14;841
15;873
16;917
17;961
18;1055
19;1149
20;1302
21;1455
22;1657
23;1859
24;2008
25;2157
26;2179
27;2202
28;2116
29;2031
30;1978
31;1926
32;1940
33;1954
34;2043
35;2132
36;2359
37;2586
38;2875
39;3165
40;3322
41;3480
42;3392
43;3303
44;3045
45;2786
46;2604
47;2422
48;2258
49;2094
50;2048
51;2003
52;2053
53;2104
54;2235
55;2366
56;2437
57;2508
58;2421
59;2335
60;2136
61;1938
62;1725
63;1512
64;1351
65;1191
66;1098
67;1006
68;942
69;879
70;848
71;818
72;786
73;755
74;744
75;733
76;729
77;725
78;721
79;717
80;710
81;704
82;727
83;751
84;764
85;776
86;786
87;796
88;836
89;877
90;947
91;1018
92;1109
93;1200
94;1354
95;1509
96;1667
97;1824
98;1979
99;2134
100;2125
101;2116
102;2081
103;2046
104;2015
105;1984
106;1951
107;1917
108;1926
109;1936
110;1973
111;2010
112;2166
113;2323
114;2524
115;2726
116;3024
117;3323
118;3443
119;3563
120;3490
121;3418
122;3215
123;3013
124;2820
125;2628
126;2484
127;2341
128;2218
129;2095
130;2058
131;2021
132;2038
133;2056
134;2179
135;2302
136;2401
137;2500
138;2562
139;2623
140;2530
141;2438
142;2303
143;2169
144;1969
145;1770
146;1622
147;1474
148;1360
149;1246
150;1139
151;1032
152;995
153;958
154;921
155;885
156;873
157;861
158;836
159;810
160;797
161;785
162;790
163;795
164;782
165;769
166;767
167;766
168;764
169;763
170;770
171;778
172;796
173;814
174;810
175;807
176;823
177;838
178;872
179;906
180;964
181;1022
182;1059
183;1097
184;1157
185;1218
186;1341
187;1464
188;1618
189;1772
190;1875
191;1977
192;2065
193;2153
194;2236
195;2319
196;2297
197;2275
198;2236
199;2197
200;2127
201;2056
202;2040
203;2023
204;1982
205;1941
206;1929
207;1917
208;1978
209;2040
210;2099
211;2159
212;2264
213;2369
214;2575
215;2782
216;2926
217;3070
218;3249
219;3428
220;3491
221;3554
222;3499
223;3445
224;3372
225;3299
226;3123
227;2948
228;2816
229;2684
230;2552
231;2420
232;2321
233;2222
234;2114
235;2006
236;1974
237;1942
238;1926
239;1910
240;1955
241;2001
242;2022
243;2043
244;2143
245;2243
246;2330
247;2418
248;2446
249;2475
250;2476
251;2477
252;2425
253;2373
254;2305
255;2237
256;2126
257;2015
258;1898
259;1780
260;1680
261;1579
262;1477
263;1375
264;1329
265;1283
266;1195
267;1107
268;1069
269;1031
270;1016
271;1001
272;960
273;920
274;893
275;867
276;878
277;889
278;843
279;797
280;798
281;800
282;784
283;768
284;767
285;766
286;747
287;729
288;741
289;753
290;745
291;737
292;742
293;747
294;753
295;760
296;762
297;765
298;749
299;733
300;747
301;762
302;758
303;755
304;758
305;762
306;760
307;757
308;775
309;793
310;797
311;802
312;808
313;815
314;855
315;896
316;897
317;898
318;892
319;887
320;905
321;924
322;945
323;967
324;994
325;1021
326;1065
327;1109
328;1130
329;1152
330;1195
331;1239
332;1269
333;1299
334;1352
335;1405
336;1474
337;1544
338;1572
339;1599
340;1692
341;1785
342;1827
343;1869
344;1926
345;1984
346;2047
347;2110
348;2149
349;2189
350;2243
351;2296
352;2294
353;2292
354;2284
355;2276
356;2276
357;2277
358;2286
359;2296
360;2298
361;2301
362;2303
363;2304
364;2268
365;2233
366;2224
367;2216
368;2169
369;2122
370;2125
371;2128
372;2112
373;2095
374;2107
375;2120
376;2069
377;2018
378;2022
379;2027
380;2007
381;1988
382;1934
383;1881
384;1914
385;1946
386;1955
387;1963
388;1952
389;1941
390;1926
391;1911
392;1903
393;1895
394;1920
395;1944
396;1950
397;1957
398;1959
399;1961
400;1980
401;2000
402;1990
403;1980
404;2012
405;2045
406;2060
407;2074
408;2089
409;2104
410;2098
411;2093
412;2144
413;2196
414;2209
415;2223
416;2219
417;2215
418;2265
419;2315
420;2301
421;2288
422;2335
423;2383
424;2419
425;2455
426;2471
427;2487
428;2522
429;2557
430;2560
431;2564
432;2605
433;2646
434;2658
435;2670
436;2691
437;2713
438;2747
439;2782
440;2820
441;2859
442;2851
443;2843
444;2904
445;2965
446;2943
447;2921
448;2952
449;2984
450;2970
451;2956
452;2969
453;2981
454;2979
455;2978
456;2976
457;2975
458;3014
459;3054
460;3022
461;2991
462;3002
463;3014
464;3027
465;3041
466;3031
467;3021
468;2986
469;2951
470;2988
471;3025
472;2987
473;2949
474;2957
475;2965
476;2968
477;2971
478;2949
479;2927
480;2872
481;2817
482;2836
483;2856
484;2799
485;2742
486;2754
487;2766
488;2727
489;2688
490;2659
491;2631
492;2600
493;2569
494;2561
495;2552
496;2536
497;2520
498;2496
499;2472
500;2418
501;2365
502;2348
503;2332
504;2308
505;2284
506;2291
507;2298
508;2251
509;2205
510;2195
511;2186
512;2150
513;2114
514;2104
515;2095
516;2085
517;2075
518;2070
519;2065
520;2046
521;2026
522;2009
523;1992
524;2017
525;2042
526;2017
527;1992
528;1974
529;1957
530;1974
531;1991
532;1965
533;1940
534;1952
535;1965
536;1982
537;1999
538;2007
539;2016
540;2041
541;2065
542;2054
543;2043
544;2066
545;2089
546;2074
547;2060
548;2079
549;2098
550;2110
551;2122
552;2120
553;2118
554;2139
555;2159
556;2164
557;2169
558;2185
559;2202
560;2187
561;2173
562;2180
563;2187
564;2165
565;2143
566;2134
567;2125
568;2097
569;2070
570;2017
571;1964
572;1879
573;1795
574;1748
575;1702
576;1645
577;1587
578;1530
579;1472
580;1433
581;1394
582;1337
583;1280
584;1236
585;1193
586;1145
587;1098
588;1073
589;1048
590;1029
591;1011
592;969
593;928
594;924
595;921
596;887
597;853
598;852
599;851
600;843
601;835
602;813
603;791
604;800
605;810
606;803
607;797
608;779
609;762
610;757
611;753
612;751
613;750
614;753
615;756
616;755
617;755
618;746
619;737
620;751
621;765
622;754
623;744
624;759
625;775
626;777
627;779
628;774
629;770
630;777
631;785
632;786
633;788
634;803
635;819
636;839
637;860
638;857
639;854
640;886
641;919
642;941
643;963
644;997
645;1031
646;1045
647;1060
648;1086
649;1112
650;1186
651;1260
652;1307
653;1354
654;1449
655;1544
656;1665
657;1787
658;1879
659;1971
660;2100
661;2228
662;2337
663;2446
664;2520
665;2593
666;2607
667;2622
668;2587
669;2552
670;2495
671;2438
672;2393
673;2349
674;2241
675;2133
676;2096
677;2058
678;2080
679;2103
680;2114
681;2126
682;2176
683;2227
684;2328
685;2428
686;2553
687;2678
688;2796
689;2914
690;3056
691;3198
692;3301
693;3404
694;3481
695;3558
696;3518
697;3479
698;3382
699;3285
700;3115
701;2946
702;2753
703;2560
704;2406
705;2252
706;2191
707;2130
708;2038
709;1945
710;1921
711;1898
712;1900
713;1903
714;1949
715;1996
716;2003
717;2011
718;2038
719;2066
720;2081
721;2097
722;2074
723;2051
724;2019
725;1987
726;1875
727;1763
728;1623
729;1482
730;1383
731;1283
732;1170
733;1058
734;1022
735;987
736;936
737;886
738;858
739;830
740;814
741;799
742;787
743;776
744;758
745;740
746;740
747;741
748;741
749;741
750;754
751;767
752;768
753;768
754;761
755;755
756;776
757;797
758;822
759;847
760;869
761;892
762;949
763;1006
764;1047
765;1089
766;1170
767;1252
768;1358
769;1465
770;1567
771;1669
772;1792
773;1915
774;2032
775;2148
776;2234
777;2320
778;2355
779;2390
780;2366
781;2341
782;2266
783;2190
784;2175
785;2159
786;2126
787;2093
788;2156
789;2219
790;2326
791;2432
792;2594
793;2755
794;2907
795;3059
796;3181
797;3303
798;3281
799;3258
800;3069
801;2879
802;2617
803;2355
804;2208
805;2061
806;1980
807;1900
808;1884
809;1868
810;1885
811;1903
812;1971
813;2039
814;2076
815;2113
816;2106
817;2099
818;1972
819;1846
820;1697
821;1548
822;1401
823;1254
824;1180
825;1106
826;1044
827;983
828;914
829;845
830;839
831;833
832;810
833;788
834;787
835;787
836;791
837;796
838;812
839;829
840;849
841;868
842;891
843;915
844;963
845;1012
846;1084
847;1155
848;1243
849;1332
850;1379
851;1427
852;1556
853;1685
854;1787
855;1889
856;2013
857;2138
858;2217
859;2297
860;2327
861;2357
862;2358
863;2360
864;2285
865;2210
866;2202
867;2195
868;2244
869;2293
870;2441
871;2589
872;2742
873;2896
874;2996
875;3096
876;3025
877;2954
878;2679
879;2404
880;2206
881;2009
882;1907
883;1806
884;1775
885;1744
886;1789
887;1833
888;1877
889;1922
890;1920
891;1918
892;1824
893;1730
894;1530
895;1330
896;1198
897;1067
898;992
899;917
900;872
901;828
902;817
903;806
904;800
905;795
906;800
907;805
908;815
909;825
910;883
911;942
912;974
913;1006
914;1059
915;1113
916;1171
917;1229
918;1229
