# Strom: 0.09 A
# Magnetfeld: 8 mT
# Schnitt bei (681,462)
# Mittelung: 1 Pixel
# Magnetfeldsensor kalibriertPixel ; Red Value
1;2087
2;1790
3;1494
4;1232
5;970
6;782
7;595
8;509
9;424
10;400
11;376
12;380
13;385
14;362
15;340
16;341
17;342
18;321
19;300
20;306
21;313
22;313
23;313
24;316
25;320
26;330
27;340
28;344
29;349
30;358
31;367
32;369
33;371
34;417
35;464
36;506
37;549
38;680
39;811
40;1074
41;1337
42;1711
43;2086
44;2177
45;2268
46;1953
47;1638
48;1294
49;950
50;791
51;633
52;563
53;493
54;454
55;415
56;393
57;371
58;358
59;345
60;327
61;309
62;327
63;345
64;333
65;322
66;326
67;331
68;322
69;313
70;325
71;338
72;336
73;334
74;339
75;345
76;351
77;358
78;376
79;395
80;405
81;415
82;472
83;529
84;612
85;695
86;848
87;1001
88;1324
89;1647
90;2037
91;2428
92;2400
93;2373
94;1981
95;1589
96;1271
97;953
98;793
99;633
100;572
101;511
102;472
103;433
104;412
105;391
106;382
107;373
108;369
109;365
110;356
111;347
112;330
113;313
114;315
115;318
116;320
117;322
118;316
119;311
120;326
121;342
122;333
123;325
124;347
125;369
126;370
127;371
128;391
129;411
130;412
131;413
132;445
133;478
134;536
135;595
136;688
137;782
138;1001
139;1221
140;1570
141;1920
142;2244
143;2568
144;2489
145;2410
146;2029
147;1649
148;1320
149;992
150;856
151;720
152;613
153;507
154;482
155;458
156;441
157;424
158;398
159;373
160;379
161;385
162;365
163;345
164;349
165;354
166;335
167;316
168;309
169;302
170;323
171;345
172;329
173;313
174;323
175;334
176;323
177;313
178;326
179;340
180;343
181;347
182;350
183;354
184;373
185;393
186;421
187;449
188;477
189;506
190;552
191;598
192;653
193;709
194;835
195;962
196;1281
197;1601
198;1990
199;2380
200;2570
201;2761
202;2514
203;2268
204;1909
205;1550
206;1272
207;995
208;862
209;729
210;658
211;587
212;548
213;509
214;476
215;444
216;422
217;400
218;384
219;369
220;364
221;360
222;359
223;358
224;361
225;365
226;365
227;365
228;359
229;353
230;346
231;340
232;346
233;353
234;349
235;345
236;333
237;322
238;341
239;360
240;361
241;362
242;365
243;369
244;361
245;353
246;363
247;374
248;390
249;407
250;447
251;487
252;488
253;489
254;549
255;609
256;684
257;760
258;880
259;1001
260;1234
261;1468
262;1824
263;2180
264;2508
265;2836
266;2840
267;2845
268;2537
269;2229
270;1876
271;1523
272;1273
273;1024
274;915
275;806
276;726
277;646
278;609
279;573
280;533
281;493
282;476
283;460
284;433
285;407
286;392
287;378
288;376
289;374
290;375
291;376
292;374
293;373
294;357
295;342
296;328
297;314
298;330
299;347
300;334
301;322
302;347
303;373
304;371
305;369
306;353
307;338
308;341
309;344
310;356
311;369
312;358
313;347
314;353
315;360
316;369
317;378
318;383
319;389
320;411
321;433
322;421
323;409
324;430
325;451
326;466
327;482
328;542
329;602
330;637
331;673
332;723
333;773
334;895
335;1017
336;1202
337;1388
338;1668
339;1949
340;2285
341;2621
342;2898
343;3176
344;3094
345;3012
346;2698
347;2384
348;2095
349;1807
350;1570
351;1334
352;1176
353;1019
354;927
355;835
356;752
357;669
358;649
359;629
360;592
361;555
362;536
363;518
364;490
365;462
366;452
367;442
368;433
369;424
370;418
371;413
372;389
373;365
374;376
375;387
376;388
377;389
378;370
379;351
380;358
381;365
382;369
383;373
384;365
385;358
386;347
387;336
388;340
389;345
390;349
391;353
392;347
393;342
394;353
395;364
396;354
397;344
398;352
399;360
400;351
401;342
402;356
403;371
404;372
405;374
406;373
407;373
408;394
409;416
410;396
411;376
412;387
413;398
414;406
415;415
416;447
417;480
418;472
419;464
420;488
421;513
422;521
423;529
424;559
425;589
426;630
427;671
428;705
429;740
430;794
431;848
432;940
433;1033
434;1154
435;1276
436;1468
437;1661
438;1878
439;2095
440;2380
441;2666
442;2859
443;3052
444;3189
445;3327
446;3286
447;3245
448;3075
449;2905
450;2656
451;2408
452;2188
453;1969
454;1770
455;1572
456;1414
457;1257
458;1163
459;1070
460;995
461;921
462;866
463;811
464;785
465;760
466;703
467;646
468;617
469;589
470;583
471;577
472;550
473;524
474;523
475;522
476;497
477;473
478;470
479;467
480;461
481;455
482;454
483;453
484;447
485;442
486;445
487;449
488;426
489;404
490;390
491;376
492;392
493;409
494;408
495;407
496;394
497;382
498;380
499;378
500;379
501;380
502;390
503;400
504;402
505;404
506;379
507;354
508;369
509;385
510;359
511;334
512;334
513;334
514;341
515;349
516;362
517;376
518;364
519;353
520;366
521;380
522;372
523;365
524;361
525;358
526;379
527;400
528;378
529;356
530;353
531;351
532;367
533;384
534;364
535;345
536;359
537;374
538;385
539;396
540;395
541;395
542;394
543;393
544;395
545;398
546;391
547;384
548;384
549;384
550;400
551;416
552;404
553;393
554;404
555;416
556;430
557;444
558;428
559;413
560;427
561;442
562;423
563;405
564;422
565;440
566;447
567;455
568;455
569;456
570;467
571;478
572;482
573;486
574;508
575;531
576;517
577;504
578;508
579;513
580;521
581;529
582;532
583;535
584;546
585;557
586;551
587;546
588;568
589;591
590;595
591;600
592;622
593;644
594;634
595;624
596;661
597;699
598;688
599;678
600;713
601;748
602;752
603;757
604;767
605;777
606;786
607;795
608;834
609;873
610;888
611;904
612;921
613;939
614;960
615;982
616;990
617;999
618;1022
619;1046
620;1097
621;1148
622;1151
623;1154
624;1188
625;1223
626;1253
627;1283
628;1340
629;1398
630;1401
631;1405
632;1446
633;1487
634;1551
635;1616
636;1656
637;1696
638;1720
639;1745
640;1798
641;1851
642;1873
643;1896
644;1908
645;1920
646;1981
647;2042
648;2104
649;2167
650;2185
651;2204
652;2246
653;2289
654;2335
655;2382
656;2371
657;2360
658;2379
659;2399
660;2460
661;2521
662;2527
663;2533
664;2588
665;2644
666;2643
667;2643
668;2655
669;2668
670;2708
671;2748
672;2725
673;2703
674;2733
675;2763
676;2783
677;2803
678;2783
679;2763
680;2806
681;2850
682;2847
683;2845
684;2838
685;2832
686;2796
687;2761
688;2786
689;2812
690;2786
691;2761
692;2731
693;2701
694;2710
695;2719
696;2688
697;2657
698;2641
699;2626
700;2625
701;2624
702;2604
703;2584
704;2579
705;2575
706;2518
707;2461
708;2410
709;2360
710;2342
711;2324
712;2276
713;2229
714;2233
715;2237
716;2238
717;2240
718;2174
719;2109
720;2071
721;2033
722;2004
723;1976
724;1899
725;1823
726;1798
727;1774
728;1745
729;1716
730;1671
731;1627
732;1595
733;1563
734;1552
735;1541
736;1490
737;1439
738;1397
739;1356
740;1333
741;1310
742;1268
743;1226
744;1189
745;1152
746;1143
747;1135
748;1109
749;1083
750;1044
751;1006
752;993
753;981
754;939
755;897
756;891
757;886
758;871
759;857
760;835
761;813
762;794
763;775
764;775
765;775
766;741
767;708
768;723
769;739
770;694
771;649
772;656
773;664
774;669
775;675
776;647
777;620
778;619
779;618
780;620
781;622
782;604
783;586
784;577
785;569
786;562
787;555
788;554
789;553
790;535
791;518
792;519
793;520
794;524
795;529
796;535
797;542
798;512
799;482
800;494
801;507
802;487
803;467
804;470
805;473
806;460
807;447
808;448
809;449
810;452
811;455
812;465
813;475
814;459
815;444
816;424
817;404
818;414
819;424
820;424
821;425
822;420
823;416
824;432
825;449
826;432
827;416
828;420
829;424
830;416
831;409
832;426
833;444
834;419
835;395
836;410
837;425
838;427
839;429
840;434
841;440
842;417
843;395
844;405
845;415
846;418
847;422
848;434
849;447
850;442
851;438
852;432
853;427
854;414
855;402
856;407
857;413
858;417
859;422
860;430
861;438
862;440
863;442
864;435
865;429
866;430
867;431
868;427
869;424
870;440
871;456
872;461
873;466
874;453
875;440
876;441
877;442
878;463
879;484
880;480
881;476
882;479
883;482
884;480
885;478
886;500
887;522
888;529
889;536
890;545
891;555
892;566
893;577
894;568
895;560
896;590
897;620
898;651
899;682
900;692
901;702
902;739
903;777
904;829
905;882
906;916
907;950
908;1027
909;1104
910;1228
911;1352
912;1499
913;1647
914;1823
915;2000
916;2283
917;2566
918;2765
919;2965
920;3102
921;3240
922;3361
923;3482
924;3304
925;3127
926;2897
927;2668
928;2393
929;2118
930;1891
931;1665
932;1488
933;1312
934;1256
935;1201
936;1084
937;968
938;892
939;817
940;777
941;737
942;708
943;680
944;645
945;611
946;591
947;571
948;562
949;553
950;550
951;547
952;519
953;491
954;499
955;507
956;480
957;453
958;448
959;444
960;438
961;433
962;440
963;447
964;441
965;435
966;438
967;442
968;431
969;420
970;421
971;422
972;427
973;433
974;432
975;431
976;432
977;433
978;423
979;413
980;421
981;429
982;426
983;424
984;429
985;435
986;419
987;404
988;417
989;431
990;435
991;440
992;458
993;476
994;470
995;464
996;460
997;456
998;471
999;487
1000;505
1001;524
1002;532
1003;540
1004;562
1005;584
1006;583
1007;582
1008;625
1009;668
1010;688
1011;708
1012;789
1013;870
1014;965
1015;1061
1016;1234
1017;1408
1018;1658
1019;1909
1020;2233
1021;2557
1022;2808
1023;3059
1024;3138
1025;3218
1026;3001
1027;2785
1028;2460
1029;2135
1030;1806
1031;1478
1032;1329
1033;1181
1034;1044
1035;908
1036;831
1037;755
1038;698
1039;642
1040;619
1041;597
1042;589
1043;582
1044;541
1045;500
1046;489
1047;478
1048;467
1049;456
1050;449
1051;442
1052;446
1053;451
1054;438
1055;425
1056;418
1057;411
1058;415
1059;420
1060;426
1061;433
1062;424
1063;415
1064;410
1065;405
1066;415
1067;425
1068;410
1069;396
1070;410
1071;425
1072;406
1073;387
1074;403
1075;420
1076;434
1077;449
1078;451
1079;453
1080;465
1081;478
1082;475
1083;473
1084;492
1085;511
1086;536
1087;562
1088;599
1089;637
1090;684
1091;731
1092;778
1093;826
1094;938
1095;1050
1096;1288
1097;1527
1098;1865
1099;2204
1100;2552
1101;2901
1102;2930
1103;2959
1104;2629
1105;2299
1106;1934
1107;1569
1108;1335
1109;1101
1110;981
1111;861
1112;773
1113;686
1114;649
1115;613
1116;578
1117;544
1118;523
1119;502
1120;486
1121;471
1122;457
1123;444
1124;432
1125;420
1126;426
1127;433
1128;417
1129;402
1130;397
1131;393
1132;414
1133;435
1134;416
1135;398
1136;397
1137;396
1138;390
1139;385
1140;394
1141;404
1142;411
1143;418
1144;437
1145;456
1146;459
1147;462
1148;441
1149;420
1150;451
1151;482
1152;499
1153;516
1154;534
1155;553
1156;585
1157;617
1158;654
1159;691
1160;839
1161;988
1162;1223
1163;1459
1164;1831
1165;2204
1166;2473
1167;2743
1168;2714
1169;2686
1170;2276
1171;1867
1172;1550
1173;1234
1174;1058
1175;882
1176;776
1177;671
1178;625
1179;580
1180;547
1181;515
1182;495
1183;475
1184;479
1185;484
1186;445
1187;407
1188;414
1189;422
1190;405
1191;389
1192;404
1193;420
1194;410
1195;400
1196;391
1197;382
1198;402
1199;422
1200;423
1201;425
1202;405
1203;385
1204;388
1205;391
1206;406
1207;422
1208;404
1209;387
1210;435
1211;484
1212;498
1213;513
1214;531
1215;549
1216;609
1217;669
1218;784
1219;899
1220;1152
1221;1405
1222;1793
1223;2182
1224;2353
1225;2524
1226;2405
1227;2286
1228;1862
1229;1438
1230;1215
1231;993
1232;842
1233;691
1234;650
1235;609
1236;547
1237;486
1238;462
1239;438
1240;434
1241;431
1242;414
1243;398
1244;389
1245;380
1246;393
1247;407
1248;398
1249;389
1250;374
1251;360
1252;367
1253;374
1254;387
1255;400
1256;386
1257;373
1258;382
1259;391
1260;400
1261;409
1262;424
1263;440
1264;464
1265;489
1266;501
1267;513
1268;547
1269;582
1270;719
1271;857
1272;1061
1273;1266
1274;1665
1275;2064
1276;2210
1277;2357
1278;2213
1279;2069
1280;1708
1281;1347
1282;1100
1283;853
1284;744
1285;635
1286;577
1287;520
1288;488
1289;456
1290;439
1291;422
1292;420
1293;418
1294;396
1295;374
1296;382
1297;391
1298;381
1299;371
1300;370
1301;369
1302;364
1303;360
1304;359
1305;358
1306;372
1307;387
1308;393
1309;400
1310;411
1311;422
1312;432
1313;442
1314;466
1315;491
1316;544
1317;598
1318;712
1319;826
1320;1083
1321;1341
1322;1680
1323;2020
1324;2139
1325;2259
1326;2006
1327;1754
1328;1434
1329;1114
1330;933
1331;753
1332;665
1333;577
1334;517
1335;458
1336;441
1337;425
1338;414
1339;404
1340;403
1341;402
1342;393
1343;385
1344;375
1345;365
1346;371
1347;378
1348;376
1349;374
1350;370
1351;367
1352;358
1353;349
1354;358
1355;367
1356;401
1357;436
1358;447
1359;458
1360;483
1361;509
1362;606
1363;704
1364;927
1365;1150
1366;1463
1367;1776
1368;1776
