# Strom: -3.50 A
# Magnetfeld: -312 mT
# Schnitt bei (681,462)
# Mittelung: 1 Pixel
# Magnetfeldsensor kalibriertPixel ; Red Value
1;715
2;692
3;669
4;667
5;665
6;655
7;645
8;648
9;651
10;653
11;656
12;670
13;685
14;713
15;742
16;742
17;743
18;801
19;859
20;922
21;986
22;1097
23;1209
24;1377
25;1546
26;1749
27;1953
28;2047
29;2141
30;2116
31;2092
32;2093
33;2094
34;2154
35;2215
36;2412
37;2610
38;2805
39;3001
40;3141
41;3282
42;3210
43;3138
44;2955
45;2773
46;2595
47;2418
48;2335
49;2252
50;2310
51;2368
52;2389
53;2410
54;2365
55;2319
56;2165
57;2011
58;1807
59;1604
60;1431
61;1259
62;1159
63;1059
64;969
65;879
66;843
67;808
68;787
69;767
70;731
71;696
72;695
73;694
74;654
75;615
76;632
77;649
78;645
79;642
80;636
81;631
82;646
83;662
84;663
85;665
86;679
87;694
88;714
89;734
90;754
91;774
92;788
93;801
94;884
95;967
96;1058
97;1150
98;1295
99;1441
100;1614
101;1787
102;1889
103;1991
104;2010
105;2030
106;2010
107;1990
108;1969
109;1948
110;1955
111;1963
112;2094
113;2226
114;2378
115;2531
116;2753
117;2976
118;3061
119;3146
120;3063
121;2981
122;2845
123;2710
124;2575
125;2441
126;2306
127;2172
128;2161
129;2151
130;2192
131;2234
132;2312
133;2391
134;2384
135;2378
136;2307
137;2237
138;2097
139;1957
140;1782
141;1607
142;1487
143;1367
144;1251
145;1136
146;1052
147;969
148;928
149;887
150;838
151;790
152;775
153;760
154;737
155;714
156;703
157;693
158;679
159;665
160;658
161;651
162;661
163;671
164;658
165;645
166;650
167;655
168;662
169;670
170;660
171;651
172;656
173;661
174;654
175;647
176;661
177;676
178;703
179;730
180;756
181;782
182;807
183;832
184;861
185;891
186;931
187;971
188;1031
189;1091
190;1169
191;1247
192;1367
193;1486
194;1623
195;1760
196;1889
197;2019
198;2084
199;2150
200;2177
201;2204
202;2211
203;2219
204;2163
205;2108
206;2105
207;2102
208;2126
209;2150
210;2175
211;2201
212;2320
213;2440
214;2562
215;2685
216;2834
217;2983
218;3148
219;3313
220;3360
221;3408
222;3376
223;3345
224;3255
225;3165
226;3031
227;2897
228;2774
229;2651
230;2542
231;2433
232;2377
233;2321
234;2266
235;2211
236;2236
237;2262
238;2275
239;2288
240;2342
241;2396
242;2438
243;2480
244;2472
245;2464
246;2407
247;2351
248;2243
249;2134
250;2023
251;1912
252;1795
253;1678
254;1546
255;1414
256;1351
257;1288
258;1217
259;1147
260;1090
261;1034
262;982
263;930
264;900
265;870
266;837
267;804
268;789
269;775
270;766
271;757
272;737
273;717
274;706
275;696
276;687
277;677
278;664
279;652
280;655
281;658
282;657
283;656
284;633
285;610
286;620
287;630
288;616
289;602
290;614
291;627
292;626
293;624
294;612
295;599
296;621
297;643
298;646
299;650
300;643
301;636
302;633
303;630
304;636
305;643
306;638
307;634
308;637
309;640
310;639
311;639
312;646
313;653
314;669
315;686
316;689
317;693
318;716
319;739
320;730
321;721
322;740
323;759
324;773
325;787
326;789
327;791
328;799
329;808
330;826
331;844
332;849
333;855
334;883
335;911
336;938
337;966
338;1002
339;1038
340;1069
341;1100
342;1137
343;1175
344;1186
345;1198
346;1251
347;1305
348;1369
349;1434
350;1453
351;1473
352;1532
353;1591
354;1665
355;1739
356;1786
357;1833
358;1875
359;1918
360;1966
361;2014
362;2030
363;2046
364;2067
365;2087
366;2104
367;2121
368;2192
369;2264
370;2238
371;2213
372;2237
373;2262
374;2232
375;2202
376;2215
377;2228
378;2214
379;2199
380;2200
381;2202
382;2178
383;2155
384;2142
385;2130
386;2118
387;2105
388;2107
389;2109
390;2147
391;2185
392;2155
393;2124
394;2123
395;2122
396;2108
397;2094
398;2100
399;2106
400;2113
401;2121
402;2118
403;2116
404;2137
405;2158
406;2184
407;2209
408;2204
409;2200
410;2217
411;2234
412;2250
413;2266
414;2293
415;2321
416;2308
417;2296
418;2341
419;2387
420;2384
421;2381
422;2383
423;2385
424;2413
425;2442
426;2476
427;2510
428;2484
429;2458
430;2485
431;2513
432;2534
433;2555
434;2560
435;2566
436;2563
437;2561
438;2558
439;2556
440;2589
441;2622
442;2648
443;2675
444;2658
445;2642
446;2645
447;2648
448;2681
449;2714
450;2684
451;2653
452;2652
453;2652
454;2696
455;2741
456;2736
457;2731
458;2741
459;2751
460;2743
461;2736
462;2752
463;2768
464;2774
465;2779
466;2766
467;2753
468;2743
469;2733
470;2745
471;2756
472;2731
473;2705
474;2703
475;2700
476;2708
477;2715
478;2695
479;2674
480;2680
481;2687
482;2673
483;2660
484;2632
485;2604
486;2580
487;2556
488;2557
489;2558
490;2533
491;2507
492;2497
493;2487
494;2472
495;2457
496;2427
497;2398
498;2395
499;2392
500;2372
501;2352
502;2334
503;2316
504;2307
505;2297
506;2288
507;2279
508;2294
509;2309
510;2276
511;2244
512;2215
513;2187
514;2192
515;2196
516;2191
517;2186
518;2176
519;2166
520;2149
521;2133
522;2144
523;2156
524;2154
525;2152
526;2126
527;2100
528;2114
529;2128
530;2111
531;2095
532;2127
533;2160
534;2161
535;2162
536;2178
537;2194
538;2164
539;2134
540;2176
541;2218
542;2189
543;2161
544;2189
545;2217
546;2189
547;2162
548;2149
549;2137
550;2121
551;2105
552;2113
553;2121
554;2068
555;2016
556;1969
557;1921
558;1883
559;1844
560;1788
561;1731
562;1702
563;1674
564;1608
565;1543
566;1484
567;1426
568;1377
569;1328
570;1285
571;1242
572;1203
573;1165
574;1135
575;1105
576;1084
577;1062
578;1020
579;978
580;948
581;918
582;894
583;870
584;854
585;837
586;837
587;838
588;821
589;804
590;769
591;735
592;736
593;738
594;717
595;695
596;699
597;704
598;698
599;693
600;689
601;685
602;679
603;674
604;664
605;654
606;649
607;645
608;630
609;615
610;620
611;625
612;623
613;621
614;612
615;603
616;615
617;627
618;637
619;646
620;619
621;593
622;608
623;624
624;633
625;642
626;633
627;624
628;639
629;655
630;654
631;653
632;663
633;674
634;680
635;687
636;679
637;671
638;688
639;706
640;704
641;702
642;729
643;757
644;763
645;769
646;775
647;780
648;812
649;845
650;888
651;932
652;939
653;947
654;992
655;1038
656;1109
657;1181
658;1240
659;1298
660;1352
661;1406
662;1491
663;1577
664;1718
665;1859
666;1975
667;2092
668;2203
669;2314
670;2368
671;2423
672;2454
673;2485
674;2484
675;2483
676;2431
677;2379
678;2334
679;2288
680;2303
681;2317
682;2344
683;2370
684;2381
685;2392
686;2481
687;2570
688;2692
689;2814
690;2937
691;3060
692;3135
693;3210
694;3267
695;3324
696;3291
697;3259
698;3156
699;3054
700;2885
701;2716
702;2581
703;2445
704;2351
705;2257
706;2180
707;2103
708;2062
709;2022
710;2017
711;2011
712;2013
713;2014
714;2041
715;2068
716;2048
717;2029
718;1972
719;1915
720;1827
721;1739
722;1618
723;1498
724;1364
725;1230
726;1172
727;1115
728;1036
729;957
730;911
731;865
732;820
733;775
734;763
735;751
736;743
737;736
738;722
739;707
740;702
741;697
742;677
743;657
744;658
745;660
746;649
747;638
748;646
749;655
750;648
751;642
752;655
753;669
754;668
755;667
756;678
757;688
758;696
759;704
760;716
761;728
762;753
763;779
764;809
765;838
766;895
767;952
768;1005
769;1058
770;1126
771;1195
772;1269
773;1343
774;1458
775;1574
776;1658
777;1742
778;1885
779;2029
780;2087
781;2145
782;2227
783;2309
784;2280
785;2250
786;2223
787;2195
788;2190
789;2185
790;2222
791;2259
792;2379
793;2499
794;2647
795;2795
796;2867
797;2938
798;2922
799;2906
800;2706
801;2507
802;2326
803;2146
804;2067
805;1987
806;1932
807;1877
808;1897
809;1917
810;1917
811;1917
812;1888
813;1860
814;1777
815;1695
816;1564
817;1433
818;1311
819;1190
820;1072
821;954
822;914
823;873
824;818
825;764
826;745
827;726
828;718
829;711
830;707
831;704
832;694
833;684
834;682
835;679
836;685
837;691
838;704
839;718
840;716
841;715
842;728
843;742
844;783
845;824
846;872
847;921
848;960
849;1000
850;1099
851;1198
852;1252
853;1306
854;1396
855;1486
856;1579
857;1672
858;1819
859;1966
860;2098
861;2231
862;2305
863;2380
864;2404
865;2428
866;2388
867;2347
868;2383
869;2418
870;2448
871;2478
872;2638
873;2798
874;2858
875;2918
876;2825
877;2733
878;2508
879;2283
880;2138
881;1994
882;1942
883;1890
884;1874
885;1857
886;1862
887;1866
888;1769
889;1673
890;1521
891;1369
892;1227
893;1085
894;980
895;874
896;832
897;790
898;764
899;738
900;730
901;721
902;709
903;697
904;674
905;651
906;681
907;710
908;710
909;710
910;751
911;793
912;820
913;847
914;903
915;958
916;1016
917;1074
918;1074
