# Strom: -4.74 A
# Magnetfeld: -406 mT
# Schnitt bei (681,462)
# Mittelung: 1 Pixel
# Magnetfeldsensor kalibriertPixel ; Red Value
1;983
2;941
3;899
4;867
5;836
6;819
7;803
8;837
9;871
10;876
11;881
12;893
13;904
14;951
15;997
16;1065
17;1132
18;1286
19;1441
20;1632
21;1824
22;2020
23;2216
24;2250
25;2285
26;2245
27;2206
28;2121
29;2037
30;2001
31;1964
32;1980
33;1997
34;2087
35;2177
36;2388
37;2598
38;2947
39;3296
40;3481
41;3666
42;3559
43;3452
44;3214
45;2975
46;2715
47;2454
48;2286
49;2118
50;2021
51;1924
52;1955
53;1985
54;2102
55;2219
56;2357
57;2494
58;2514
59;2534
60;2422
61;2310
62;2118
63;1927
64;1696
65;1465
66;1350
67;1236
68;1145
69;1055
70;979
71;904
72;884
73;865
74;842
75;819
76;812
77;805
78;792
79;780
80;786
81;793
82;799
83;805
84;818
85;831
86;880
87;929
88;988
89;1048
90;1136
91;1225
92;1367
93;1510
94;1668
95;1827
96;1980
97;2133
98;2188
99;2243
100;2195
101;2148
102;2070
103;1993
104;1960
105;1928
106;1902
107;1876
108;1869
109;1862
110;1932
111;2002
112;2148
113;2294
114;2585
115;2876
116;3113
117;3350
118;3540
119;3731
120;3674
121;3616
122;3421
123;3227
124;2941
125;2656
126;2505
127;2354
128;2202
129;2050
130;2006
131;1963
132;1956
133;1948
134;2034
135;2121
136;2268
137;2415
138;2524
139;2633
140;2657
141;2681
142;2608
143;2535
144;2351
145;2167
146;1980
147;1794
148;1666
149;1537
150;1403
151;1269
152;1199
153;1129
154;1084
155;1039
156;1003
157;968
158;934
159;900
160;896
161;892
162;879
163;866
164;849
165;833
166;845
167;857
168;838
169;819
170;838
171;857
172;861
173;866
174;890
175;915
176;954
177;993
178;1008
179;1024
180;1091
181;1158
182;1244
183;1331
184;1438
185;1546
186;1694
187;1842
188;1987
189;2133
190;2224
191;2315
192;2330
193;2346
194;2364
195;2383
196;2310
197;2238
198;2206
199;2174
200;2106
201;2039
202;2013
203;1988
204;1940
205;1893
206;1953
207;2013
208;2055
209;2098
210;2155
211;2212
212;2336
213;2461
214;2671
215;2882
216;3086
217;3290
218;3462
219;3634
220;3734
221;3834
222;3766
223;3699
224;3594
225;3490
226;3330
227;3171
228;3003
229;2835
230;2659
231;2483
232;2381
233;2278
234;2177
235;2076
236;2002
237;1929
238;1887
239;1846
240;1873
241;1900
242;1879
243;1859
244;1969
245;2080
246;2167
247;2254
248;2359
249;2465
250;2549
251;2633
252;2633
253;2633
254;2614
255;2595
256;2474
257;2354
258;2273
259;2193
260;2088
261;1983
262;1820
263;1657
264;1598
265;1539
266;1440
267;1342
268;1279
269;1215
270;1181
271;1146
272;1102
273;1058
274;1027
275;997
276;978
277;960
278;936
279;912
280;887
281;861
282;849
283;836
284;835
285;833
286;824
287;815
288;802
289;789
290;795
291;800
292;797
293;795
294;797
295;799
296;791
297;784
298;797
299;811
300;802
301;793
302;810
303;828
304;834
305;840
306;836
307;832
308;842
309;851
310;868
311;886
312;907
313;929
314;926
315;924
316;964
317;1004
318;1012
319;1021
320;1048
321;1076
322;1113
323;1150
324;1194
325;1239
326;1262
327;1286
328;1344
329;1402
330;1431
331;1460
332;1534
333;1608
334;1675
335;1742
336;1833
337;1923
338;1977
339;2032
340;2089
341;2147
342;2215
343;2283
344;2322
345;2361
346;2349
347;2337
348;2368
349;2399
350;2433
351;2467
352;2429
353;2392
354;2384
355;2377
356;2371
357;2365
358;2347
359;2330
360;2293
361;2256
362;2229
363;2202
364;2161
365;2121
366;2139
367;2158
368;2131
369;2105
370;2102
371;2099
372;2051
373;2003
374;2001
375;1999
376;1991
377;1983
378;1962
379;1941
380;1941
381;1940
382;1922
383;1903
384;1921
385;1939
386;1934
387;1929
388;1921
389;1914
390;1934
391;1954
392;1953
393;1952
394;1946
395;1940
396;1954
397;1969
398;2006
399;2043
400;2029
401;2015
402;2016
403;2018
404;2047
405;2076
406;2080
407;2084
408;2110
409;2136
410;2166
411;2197
412;2207
413;2217
414;2237
415;2257
416;2272
417;2287
418;2310
419;2332
420;2375
421;2419
422;2432
423;2445
424;2467
425;2488
426;2529
427;2570
428;2581
429;2592
430;2603
431;2614
432;2686
433;2758
434;2751
435;2745
436;2767
437;2790
438;2828
439;2866
440;2916
441;2966
442;2958
443;2950
444;2977
445;3005
446;2998
447;2991
448;3012
449;3033
450;3060
451;3087
452;3092
453;3098
454;3107
455;3116
456;3106
457;3097
458;3081
459;3065
460;3117
461;3169
462;3152
463;3135
464;3145
465;3156
466;3131
467;3106
468;3115
469;3125
470;3106
471;3088
472;3090
473;3092
474;3055
475;3017
476;3014
477;3010
478;2972
479;2934
480;2960
481;2986
482;2934
483;2882
484;2888
485;2894
486;2874
487;2854
488;2834
489;2814
490;2766
491;2718
492;2687
493;2656
494;2645
495;2635
496;2606
497;2578
498;2562
499;2546
500;2510
501;2475
502;2464
503;2453
504;2389
505;2326
506;2344
507;2361
508;2320
509;2279
510;2259
511;2238
512;2221
513;2204
514;2180
515;2156
516;2148
517;2141
518;2114
519;2088
520;2068
521;2048
522;2036
523;2025
524;2023
525;2021
526;2005
527;1989
528;1978
529;1967
530;1981
531;1995
532;2012
533;2030
534;2011
535;1992
536;2000
537;2008
538;2024
539;2041
540;2034
541;2028
542;2036
543;2045
544;2037
545;2029
546;2028
547;2027
548;2051
549;2076
550;2091
551;2105
552;2107
553;2109
554;2122
555;2135
556;2158
557;2181
558;2199
559;2217
560;2245
561;2274
562;2295
563;2317
564;2327
565;2336
566;2297
567;2258
568;2240
569;2222
570;2203
571;2184
572;2164
573;2144
574;2099
575;2054
576;1985
577;1917
578;1881
579;1846
580;1782
581;1719
582;1649
583;1579
584;1524
585;1468
586;1397
587;1325
588;1301
589;1276
590;1226
591;1177
592;1144
593;1112
594;1069
595;1026
596;1019
597;1012
598;976
599;939
600;924
601;910
602;909
603;908
604;911
605;915
606;891
607;867
608;857
609;847
610;836
611;826
612;826
613;827
614;824
615;820
616;805
617;789
618;784
619;778
620;809
621;840
622;844
623;848
624;840
625;831
626;830
627;829
628;836
629;844
630;845
631;846
632;855
633;864
634;893
635;923
636;920
637;917
638;957
639;997
640;1028
641;1059
642;1083
643;1107
644;1130
645;1154
646;1221
647;1289
648;1326
649;1364
650;1456
651;1549
652;1613
653;1677
654;1786
655;1896
656;2047
657;2199
658;2270
659;2341
660;2455
661;2570
662;2618
663;2666
664;2702
665;2737
666;2689
667;2642
668;2540
669;2439
670;2372
671;2304
672;2218
673;2132
674;2044
675;1956
676;1986
677;2016
678;2016
679;2016
680;2097
681;2179
682;2227
683;2276
684;2388
685;2500
686;2619
687;2737
688;2894
689;3051
690;3189
691;3327
692;3447
693;3568
694;3631
695;3695
696;3658
697;3622
698;3483
699;3345
700;3149
701;2953
702;2801
703;2649
704;2478
705;2308
706;2195
707;2082
708;2014
709;1946
710;1891
711;1837
712;1834
713;1831
714;1887
715;1942
716;1986
717;2030
718;2051
719;2072
720;2092
721;2112
722;2125
723;2138
724;2156
725;2175
726;2096
727;2017
728;1934
729;1850
730;1696
731;1543
732;1436
733;1330
734;1248
735;1167
736;1100
737;1032
738;981
739;930
740;915
741;900
742;869
743;838
744;831
745;824
746;811
747;799
748;794
749;790
750;797
751;804
752;809
753;815
754;821
755;828
756;847
757;867
758;890
759;913
760;959
761;1005
762;1060
763;1115
764;1207
765;1299
766;1388
767;1478
768;1596
769;1713
770;1820
771;1928
772;2037
773;2146
774;2259
775;2372
776;2381
777;2390
778;2360
779;2330
780;2279
781;2229
782;2170
783;2112
784;2090
785;2069
786;2105
787;2141
788;2207
789;2274
790;2388
791;2503
792;2663
793;2822
794;3004
795;3187
796;3307
797;3428
798;3373
799;3319
800;3123
801;2927
802;2681
803;2435
804;2281
805;2127
806;2022
807;1917
808;1906
809;1896
810;1895
811;1894
812;1944
813;1994
814;2037
815;2080
816;2127
817;2174
818;2135
819;2096
820;1979
821;1861
822;1708
823;1555
824;1420
825;1286
826;1199
827;1113
828;1054
829;994
830;950
831;906
832;892
833;878
834;878
835;878
836;890
837;902
838;897
839;892
840;920
841;947
842;1008
843;1069
844;1119
845;1168
846;1257
847;1346
848;1401
849;1457
850;1569
851;1681
852;1774
853;1868
854;1977
855;2087
856;2214
857;2341
858;2389
859;2437
860;2429
861;2422
862;2336
863;2251
864;2207
865;2164
866;2210
867;2257
868;2327
869;2398
870;2563
871;2729
872;2889
873;3049
874;3153
875;3257
876;3132
877;3007
878;2778
879;2550
880;2313
881;2076
882;1965
883;1853
884;1817
885;1781
886;1817
887;1852
888;1907
889;1962
890;2001
891;2040
892;1967
893;1894
894;1738
895;1583
896;1425
897;1267
898;1151
899;1035
900;985
901;935
902;895
903;855
904;855
905;856
906;860
907;865
908;908
909;952
910;1002
911;1051
912;1095
913;1140
914;1179
915;1219
916;1301
917;1383
918;1383
