# Strom: 0.07 A
# Magnetfeld: 7 mT
# Schnitt bei (500,400)
# Mittelung: 1 Pixel
# Magnetfeldsensor kalibriertPixel ; Red Value
1;655
2;721
3;788
4;936
5;1084
6;1346
7;1609
8;1987
9;2366
10;2586
11;2806
12;2791
13;2777
14;2465
15;2153
16;1917
17;1681
18;1515
19;1350
20;1222
21;1095
22;974
23;853
24;772
25;691
26;638
27;586
28;558
29;531
30;517
31;504
32;464
33;425
34;420
35;416
36;399
37;382
38;377
39;373
40;368
41;364
42;372
43;380
44;382
45;385
46;377
47;369
48;373
49;378
50;358
51;338
52;365
53;393
54;380
55;367
56;370
57;373
58;391
59;409
60;402
61;395
62;427
63;460
64;473
65;487
66;498
67;509
68;548
69;587
70;629
71;671
72;738
73;806
74;895
75;984
76;1195
77;1407
78;1756
79;2106
80;2400
81;2695
82;2854
83;3014
84;2863
85;2712
86;2543
87;2375
88;2114
89;1853
90;1669
91;1485
92;1359
93;1234
94;1105
95;977
96;895
97;813
98;724
99;635
100;590
101;546
102;548
103;551
104;495
105;440
106;441
107;442
108;423
109;404
110;415
111;427
112;399
113;371
114;369
115;367
116;374
117;382
118;368
119;354
120;360
121;367
122;368
123;369
124;349
125;329
126;331
127;334
128;330
129;327
130;352
131;378
132;386
133;395
134;381
135;367
136;388
137;409
138;398
139;387
140;385
141;384
142;381
143;378
144;394
145;411
146;429
147;447
148;464
149;482
150;498
151;515
152;519
153;524
154;543
155;562
156;605
157;649
158;725
159;802
160;854
161;906
162;1038
163;1170
164;1364
165;1558
166;1825
167;2093
168;2322
169;2552
170;2758
171;2965
172;3006
173;3047
174;2905
175;2763
176;2610
177;2457
178;2236
179;2016
180;1872
181;1729
182;1584
183;1439
184;1322
185;1205
186;1126
187;1048
188;954
189;861
190;791
191;722
192;684
193;646
194;602
195;558
196;537
197;516
198;519
199;522
200;493
201;464
202;464
203;464
204;444
205;425
206;410
207;396
208;390
209;385
210;379
211;374
212;383
213;393
214;383
215;374
216;377
217;380
218;371
219;362
220;359
221;356
222;365
223;374
224;366
225;358
226;355
227;353
228;337
229;322
230;338
231;354
232;355
233;356
234;359
235;362
236;370
237;378
238;354
239;331
240;356
241;382
242;370
243;358
244;359
245;360
246;373
247;387
248;382
249;378
250;381
251;385
252;380
253;376
254;384
255;393
256;413
257;433
258;421
259;409
260;415
261;422
262;432
263;442
264;433
265;425
266;437
267;449
268;469
269;489
270;511
271;533
272;539
273;546
274;542
275;538
276;565
277;593
278;631
279;669
280;681
281;693
282;718
283;744
284;789
285;835
286;882
287;930
288;1013
289;1097
290;1143
291;1190
292;1316
293;1443
294;1565
295;1687
296;1835
297;1984
298;2142
299;2300
300;2436
301;2573
302;2733
303;2894
304;2938
305;2983
306;3009
307;3036
308;3026
309;3016
310;2966
311;2916
312;2793
313;2670
314;2565
315;2461
316;2402
317;2344
318;2256
319;2169
320;2085
321;2002
322;1902
323;1802
324;1721
325;1640
326;1591
327;1543
328;1468
329;1394
330;1298
331;1203
332;1150
333;1097
334;1059
335;1021
336;988
337;955
338;902
339;850
340;820
341;790
342;765
343;740
344;712
345;684
346;669
347;655
348;654
349;653
350;635
351;618
352;613
353;609
354;563
355;518
356;532
357;546
358;534
359;522
360;527
361;533
362;530
363;527
364;517
365;507
366;501
367;496
368;480
369;464
370;453
371;442
372;461
373;480
374;473
375;467
376;468
377;469
378;467
379;466
380;454
381;442
382;437
383;433
384;436
385;440
386;426
387;413
388;423
389;433
390;420
391;407
392;423
393;440
394;434
395;429
396;417
397;405
398;388
399;371
400;370
401;369
402;395
403;422
404;405
405;389
406;384
407;380
408;404
409;429
410;409
411;389
412;384
413;380
414;376
415;373
416;394
417;415
418;404
419;393
420;386
421;380
422;379
423;378
424;378
425;378
426;377
427;376
428;380
429;385
430;380
431;376
432;378
433;380
434;371
435;362
436;363
437;365
438;369
439;373
440;373
441;373
442;377
443;382
444;381
445;380
446;384
447;389
448;389
449;389
450;387
451;385
452;369
453;354
454;372
455;391
456;381
457;371
458;378
459;385
460;386
461;387
462;383
463;380
464;372
465;364
466;359
467;354
468;357
469;360
470;376
471;393
472;377
473;362
474;365
475;369
476;356
477;344
478;358
479;373
480;384
481;395
482;384
483;374
484;381
485;389
486;395
487;402
488;392
489;382
490;374
491;367
492;393
493;420
494;406
495;393
496;380
497;367
498;371
499;376
500;378
501;380
502;389
503;398
504;393
505;389
506;379
507;369
508;372
509;376
510;390
511;405
512;411
513;418
514;416
515;415
516;409
517;404
518;411
519;418
520;412
521;407
522;415
523;424
524;423
525;422
526;414
527;407
528;422
529;438
530;431
531;424
532;454
533;484
534;457
535;431
536;426
537;422
538;444
539;467
540;469
541;471
542;468
543;466
544;468
545;471
546;479
547;487
548;502
549;518
550;490
551;462
552;484
553;507
554;521
555;536
556;555
557;575
558;565
559;555
560;570
561;586
562;596
563;607
564;624
565;642
566;655
567;669
568;681
569;693
570;715
571;737
572;750
573;764
574;787
575;810
576;845
577;881
578;900
579;919
580;965
581;1012
582;1055
583;1099
584;1148
585;1197
586;1270
587;1343
588;1394
589;1445
590;1552
591;1660
592;1700
593;1740
594;1883
595;2027
596;2122
597;2218
598;2324
599;2430
600;2542
601;2655
602;2730
603;2806
604;2828
605;2850
606;2983
607;3116
608;3065
609;3014
610;3001
611;2988
612;2883
613;2779
614;2697
615;2615
616;2464
617;2313
618;2151
619;1989
620;1833
621;1678
622;1558
623;1438
624;1310
625;1183
626;1126
627;1070
628;1013
629;957
630;898
631;839
632;789
633;740
634;720
635;700
636;675
637;651
638;624
639;598
640;576
641;555
642;544
643;533
644;524
645;516
646;509
647;502
648;486
649;471
650;456
651;442
652;436
653;431
654;430
655;429
656;415
657;402
658;396
659;391
660;386
661;382
662;376
663;371
664;381
665;391
666;372
667;353
668;360
669;367
670;355
671;344
672;349
673;354
674;355
675;356
676;351
677;347
678;345
679;344
680;344
681;344
682;349
683;354
684;359
685;365
686;363
687;362
688;352
689;342
690;349
691;356
692;366
693;376
694;368
695;360
696;357
697;354
698;372
699;391
700;389
701;387
702;386
703;385
704;403
705;422
706;412
707;402
708;430
709;458
710;434
711;411
712;433
713;455
714;474
715;493
716;511
717;529
718;543
719;558
720;577
721;597
722;633
723;669
724;704
725;739
726;800
727;861
728;972
729;1083
730;1149
731;1215
732;1373
733;1532
734;1650
735;1769
736;1950
737;2131
738;2312
739;2493
740;2620
741;2748
742;2823
743;2899
744;2799
745;2699
746;2509
747;2319
748;2073
749;1827
750;1593
751;1359
752;1209
753;1059
754;960
755;862
756;802
757;742
758;677
759;613
760;591
761;569
762;544
763;520
764;505
765;491
766;475
767;460
768;429
769;398
770;401
771;404
772;384
773;365
774;375
775;385
776;382
777;380
778;376
779;373
780;364
781;356
782;357
783;358
784;359
785;360
786;360
787;360
788;360
789;360
790;370
791;380
792;376
793;373
794;369
795;365
796;374
797;384
798;377
799;371
800;384
801;398
802;405
803;413
804;422
805;431
806;443
807;456
808;465
809;475
810;485
811;495
812;526
813;557
814;597
815;637
816;699
817;762
818;840
819;919
820;991
821;1063
822;1147
823;1232
824;1369
825;1507
826;1661
827;1816
828;2009
829;2202
830;2377
831;2553
832;2518
833;2484
834;2284
835;2084
836;1803
837;1523
838;1291
839;1059
840;946
841;833
842;749
843;666
844;636
845;607
846;556
847;506
848;474
849;442
850;433
851;425
852;437
853;449
854;409
855;369
856;383
857;398
858;393
859;389
860;371
861;353
862;356
863;360
864;347
865;334
866;359
867;385
868;389
869;393
870;383
871;373
872;365
873;358
874;371
875;384
876;397
877;411
878;415
879;420
880;443
881;467
882;472
883;478
884;533
885;589
886;635
887;682
888;730
889;779
890;839
891;899
892;950
893;1002
894;1076
895;1150
896;1284
897;1418
898;1593
899;1769
900;1955
901;2142
902;2235
903;2328
904;2293
905;2259
906;1960
907;1661
908;1399
909;1137
910;964
911;791
912;713
913;635
914;576
915;518
916;486
917;455
918;455
