# Strom: -3.02 A
# Magnetfeld: -272 mT
# Schnitt bei (681,462)
# Mittelung: 1 Pixel
# Magnetfeldsensor kalibriertPixel ; Red Value
1;3336
2;3284
3;3232
4;3055
5;2879
6;2827
7;2775
8;2553
9;2331
10;2058
11;1785
12;1506
13;1228
14;1111
15;995
16;880
17;766
18;745
19;724
20;727
21;731
22;704
23;678
24;667
25;657
26;671
27;686
28;737
29;788
30;824
31;861
32;922
33;984
34;1199
35;1414
36;1659
37;1904
38;2082
39;2260
40;2389
41;2519
42;2728
43;2937
44;3174
45;3411
46;3316
47;3221
48;3000
49;2779
50;2712
51;2646
52;2608
53;2570
54;2267
55;1964
56;1660
57;1356
58;1171
59;986
60;920
61;855
62;820
63;786
64;753
65;720
66;688
67;657
68;665
69;673
70;663
71;653
72;678
73;704
74;711
75;719
76;754
77;790
78;877
79;964
80;1127
81;1290
82;1531
83;1772
84;1976
85;2180
86;2281
87;2382
88;2511
89;2641
90;2919
91;3198
92;3330
93;3462
94;3280
95;3098
96;2947
97;2797
98;2744
99;2692
100;2620
101;2548
102;2286
103;2024
104;1721
105;1419
106;1245
107;1072
108;974
109;877
110;831
111;786
112;770
113;755
114;714
115;673
116;660
117;648
118;661
119;675
120;676
121;677
122;677
123;677
124;702
125;728
126;753
127;779
128;851
129;924
130;1081
131;1239
132;1432
133;1625
134;1876
135;2127
136;2239
137;2351
138;2367
139;2384
140;2602
141;2821
142;3105
143;3389
144;3462
145;3535
146;3376
147;3218
148;2996
149;2774
150;2772
151;2770
152;2747
153;2725
154;2475
155;2226
156;1932
157;1638
158;1412
159;1186
160;1084
161;982
162;912
163;842
164;805
165;769
166;754
167;739
168;712
169;686
170;686
171;686
172;673
173;660
174;664
175;668
176;670
177;673
178;714
179;755
180;788
181;822
182;826
183;831
184;917
185;1004
186;1131
187;1259
188;1486
189;1714
190;1920
191;2126
192;2225
193;2324
194;2361
195;2399
196;2566
197;2734
198;2909
199;3085
200;3391
201;3698
202;3631
203;3564
204;3316
205;3069
206;2928
207;2788
208;2768
209;2748
210;2771
211;2794
212;2589
213;2384
214;2127
215;1871
216;1602
217;1334
218;1219
219;1104
220;1028
221;952
222;903
223;855
224;812
225;769
226;745
227;722
228;697
229;673
230;667
231;662
232;659
233;657
234;680
235;704
236;713
237;722
238;689
239;657
240;699
241;742
242;752
243;762
244;804
245;846
246;909
247;972
248;1044
249;1117
250;1296
251;1476
252;1715
253;1955
254;2127
255;2300
256;2374
257;2448
258;2444
259;2441
260;2532
261;2624
262;2851
263;3079
264;3316
265;3553
266;3662
267;3771
268;3592
269;3413
270;3224
271;3036
272;2893
273;2750
274;2777
275;2805
276;2828
277;2852
278;2758
279;2664
280;2419
281;2175
282;1949
283;1723
284;1496
285;1270
286;1181
287;1092
288;1021
289;950
290;900
291;851
292;842
293;833
294;790
295;748
296;736
297;724
298;703
299;682
300;679
301;677
302;683
303;689
304;673
305;657
306;674
307;691
308;684
309;677
310;693
311;709
312;704
313;700
314;728
315;757
316;791
317;826
318;871
319;917
320;957
321;997
322;1101
323;1206
324;1312
325;1418
326;1592
327;1767
328;2001
329;2235
330;2342
331;2450
332;2452
333;2455
334;2467
335;2479
336;2559
337;2639
338;2803
339;2967
340;3163
341;3360
342;3574
343;3789
344;3803
345;3817
346;3695
347;3573
348;3397
349;3221
350;3015
351;2810
352;2794
353;2779
354;2833
355;2888
356;2942
357;2996
358;2898
359;2801
360;2634
361;2468
362;2217
363;1967
364;1785
365;1603
366;1458
367;1314
368;1219
369;1124
370;1062
371;1001
372;955
373;910
374;881
375;853
376;837
377;822
378;801
379;780
380;762
381;744
382;737
383;731
384;694
385;658
386;663
387;669
388;682
389;695
390;676
391;658
392;673
393;688
394;694
395;700
396;689
397;678
398;705
399;733
400;726
401;720
402;734
403;748
404;759
405;771
406;771
407;771
408;806
409;842
410;866
411;891
412;920
413;950
414;1020
415;1090
416;1156
417;1223
418;1325
419;1428
420;1544
421;1660
422;1850
423;2040
424;2156
425;2273
426;2372
427;2471
428;2447
429;2424
430;2419
431;2415
432;2470
433;2526
434;2572
435;2619
436;2726
437;2834
438;2917
439;3001
440;3157
441;3314
442;3519
443;3724
444;3828
445;3933
446;3958
447;3984
448;3900
449;3817
450;3654
451;3491
452;3418
453;3345
454;3187
455;3029
456;2929
457;2830
458;2817
459;2805
460;2862
461;2919
462;2927
463;2936
464;2915
465;2894
466;2877
467;2861
468;2809
469;2757
470;2590
471;2424
472;2225
473;2027
474;1917
475;1807
476;1669
477;1532
478;1474
479;1416
480;1344
481;1272
482;1215
483;1159
484;1094
485;1030
486;1000
487;970
488;979
489;988
490;924
491;861
492;858
493;855
494;837
495;820
496;817
497;815
498;787
499;759
500;761
501;764
502;754
503;744
504;731
505;719
506;717
507;715
508;716
509;717
510;718
511;720
512;708
513;697
514;698
515;700
516;692
517;684
518;708
519;733
520;730
521;728
522;695
523;662
524;665
525;669
526;692
527;715
528;685
529;655
530;680
531;706
532;711
533;717
534;726
535;735
536;738
537;742
538;735
539;728
540;745
541;762
542;744
543;726
544;753
545;780
546;763
547;746
548;747
549;748
550;789
551;830
552;825
553;820
554;835
555;850
556;857
557;864
558;895
559;926
560;937
561;948
562;941
563;935
564;976
565;1017
566;1050
567;1084
568;1089
569;1095
570;1108
571;1121
572;1163
573;1206
574;1259
575;1312
576;1360
577;1408
578;1479
579;1550
580;1579
581;1609
582;1675
583;1742
584;1802
585;1862
586;1912
587;1962
588;2037
589;2113
590;2197
591;2282
592;2292
593;2302
594;2306
595;2311
596;2386
597;2462
598;2522
599;2583
600;2552
601;2521
602;2531
603;2542
604;2549
605;2557
606;2544
607;2532
608;2536
609;2541
610;2586
611;2632
612;2626
613;2621
614;2575
615;2530
616;2543
617;2557
618;2576
619;2595
620;2612
621;2630
622;2641
623;2652
624;2641
625;2630
626;2624
627;2619
628;2639
629;2659
630;2692
631;2726
632;2725
633;2725
634;2734
635;2743
636;2729
637;2715
638;2796
639;2877
640;2850
641;2823
642;2840
643;2857
644;2881
645;2905
646;2925
647;2945
648;2982
649;3019
650;3011
651;3003
652;3018
653;3034
654;3084
655;3134
656;3139
657;3145
658;3157
659;3170
660;3223
661;3276
662;3248
663;3220
664;3193
665;3167
666;3213
667;3260
668;3258
669;3256
670;3293
671;3331
672;3377
673;3424
674;3404
675;3385
676;3394
677;3403
678;3346
679;3289
680;3369
681;3449
682;3398
683;3347
684;3355
685;3363
686;3387
687;3411
688;3437
689;3464
690;3387
691;3311
692;3314
693;3318
694;3320
695;3322
696;3327
697;3332
698;3303
699;3274
700;3296
701;3318
702;3273
703;3229
704;3203
705;3178
706;3179
707;3180
708;3204
709;3229
710;3166
711;3103
712;3108
713;3114
714;3080
715;3047
716;3003
717;2959
718;2931
719;2903
720;2923
721;2943
722;2955
723;2967
724;2924
725;2881
726;2875
727;2870
728;2826
729;2783
730;2771
731;2759
732;2691
733;2623
734;2653
735;2684
736;2702
737;2721
738;2674
739;2628
740;2605
741;2583
742;2604
743;2626
744;2596
745;2566
746;2565
747;2564
748;2558
749;2553
750;2540
751;2528
752;2569
753;2610
754;2553
755;2497
756;2538
757;2579
758;2567
759;2555
760;2516
761;2477
762;2490
763;2504
764;2518
765;2532
766;2532
767;2533
768;2485
769;2437
770;2405
771;2373
772;2350
773;2328
774;2263
775;2198
776;2142
777;2087
778;2070
779;2053
780;1961
781;1869
782;1840
783;1811
784;1772
785;1734
786;1654
787;1574
788;1517
789;1461
790;1436
791;1412
792;1368
793;1325
794;1285
795;1245
796;1219
797;1194
798;1121
799;1048
800;1048
801;1048
802;1036
803;1024
804;1000
805;977
806;954
807;932
808;924
809;917
810;909
811;902
812;890
813;879
814;846
815;813
816;810
817;808
818;815
819;822
820;835
821;848
822;812
823;777
824;771
825;766
826;782
827;799
828;781
829;764
830;739
831;715
832;723
833;731
834;744
835;757
836;737
837;717
838;728
839;739
840;715
841;691
842;710
843;729
844;714
845;699
846;705
847;711
848;681
849;651
850;714
851;777
852;731
853;686
854;707
855;729
856;734
857;739
858;737
859;735
860;727
861;719
862;729
863;740
864;764
865;788
866;799
867;810
868;823
869;837
870;812
871;788
872;813
873;839
874;870
875;901
876;919
877;937
878;971
879;1006
880;1034
881;1063
882;1079
883;1095
884;1159
885;1223
886;1302
887;1381
888;1455
889;1530
890;1641
891;1752
892;1848
893;1945
894;2096
895;2248
896;2389
897;2530
898;2667
899;2805
900;2920
901;3036
902;3012
903;2988
904;2964
905;2941
906;2926
907;2912
908;2877
909;2843
910;2907
911;2972
912;3028
913;3085
914;3260
915;3436
916;3548
917;3660
918;3780
919;3900
920;3939
921;3979
922;3926
923;3873
924;3727
925;3582
926;3438
927;3294
928;3134
929;2974
930;2877
931;2781
932;2670
933;2559
934;2607
935;2655
936;2606
937;2557
938;2519
939;2481
940;2417
941;2353
942;2295
943;2237
944;2073
945;1909
946;1780
947;1651
948;1513
949;1376
950;1301
951;1226
952;1145
953;1064
954;1032
955;1001
956;961
957;921
958;896
959;871
960;827
961;784
962;775
963;766
964;768
965;771
966;768
967;766
968;757
969;749
970;747
971;746
972;737
973;729
974;727
975;726
976;734
977;742
978;740
979;739
980;730
981;722
982;728
983;735
984;744
985;753
986;766
987;780
988;774
989;768
990;810
991;853
992;875
993;897
994;944
995;992
996;1037
997;1083
998;1123
999;1163
1000;1301
1001;1439
1002;1582
1003;1725
1004;1951
1005;2178
1006;2362
1007;2546
1008;2659
1009;2772
1010;2846
1011;2921
1012;2871
1013;2821
1014;2848
1015;2876
1016;2965
1017;3054
1018;3259
1019;3464
1020;3562
1021;3660
1022;3781
1023;3902
1024;3799
1025;3697
1026;3486
1027;3276
1028;3114
1029;2952
1030;2787
1031;2623
1032;2622
1033;2621
1034;2602
1035;2583
1036;2482
1037;2382
1038;2274
1039;2166
1040;1926
1041;1687
1042;1545
1043;1403
1044;1309
1045;1215
1046;1117
1047;1019
1048;952
1049;886
1050;881
1051;877
1052;846
1053;815
1054;796
1055;777
1056;768
1057;759
1058;748
1059;737
1060;728
1061;720
1062;744
1063;768
1064;735
1065;702
1066;732
1067;762
1068;747
1069;733
1070;744
1071;755
1072;786
1073;817
1074;818
1075;819
1076;870
1077;921
1078;976
1079;1032
1080;1115
1081;1199
1082;1343
1083;1487
1084;1650
1085;1813
1086;2075
1087;2337
1088;2511
1089;2686
1090;2725
1091;2765
1092;2783
1093;2801
1094;2887
1095;2974
1096;3099
1097;3225
1098;3397
1099;3569
1100;3642
1101;3715
1102;3592
1103;3469
1104;3223
1105;2978
1106;2832
1107;2686
1108;2601
1109;2517
1110;2498
1111;2479
1112;2371
1113;2264
1114;2069
1115;1874
1116;1651
1117;1428
1118;1282
1119;1137
1120;1056
1121;975
1122;924
1123;873
1124;835
1125;797
1126;785
1127;773
1128;748
1129;724
1130;729
1131;735
1132;737
1133;739
1134;715
1135;691
1136;712
1137;733
1138;727
1139;722
1140;753
1141;784
1142;791
1143;799
1144;859
1145;919
1146;940
1147;961
1148;1079
1149;1197
1150;1353
1151;1509
1152;1721
1153;1934
1154;2230
1155;2526
1156;2644
1157;2763
1158;2765
1159;2768
1160;2837
1161;2907
1162;3079
1163;3252
1164;3400
1165;3549
1166;3484
1167;3420
1168;3221
1169;3023
1170;2822
1171;2621
1172;2617
1173;2613
1174;2530
1175;2448
1176;2249
1177;2051
1178;1887
1179;1723
1180;1510
1181;1297
1182;1148
1183;999
1184;947
1185;895
1186;852
1187;810
1188;769
1189;728
1190;745
1191;762
1192;750
1193;739
1194;716
1195;693
1196;712
1197;731
1198;740
1199;749
1200;744
1201;739
1202;797
1203;855
1204;891
1205;928
1206;978
1207;1028
1208;1173
1209;1319
1210;1538
1211;1758
1212;2038
1213;2319
1214;2493
1215;2668
1216;2676
1217;2684
1218;2822
1219;2961
1220;3181
1221;3402
1222;3366
1223;3331
1224;3246
1225;3161
1226;2943
1227;2725
1228;2629
1229;2533
1230;2407
1231;2282
1232;2204
1233;2127
1234;1858
1235;1590
1236;1380
1237;1170
1238;1087
1239;1004
1240;933
1241;862
1242;822
1243;782
1244;764
1245;746
1246;746
1247;746
1248;725
1249;704
1250;709
1251;715
1252;722
1253;729
1254;747
1255;766
1256;818
1257;870
1258;913
1259;957
1260;1086
1261;1215
1262;1398
1263;1581
1264;1882
1265;2184
1266;2366
1267;2548
1268;2613
1269;2679
1270;2817
1271;2956
1272;3119
1273;3282
1274;3353
1275;3425
1276;3273
1277;3121
1278;2900
1279;2679
1280;2562
1281;2446
1282;2370
1283;2295
1284;2020
1285;1745
1286;1524
1287;1303
1288;1155
1289;1008
1290;923
1291;839
1292;816
1293;793
1294;777
1295;762
1296;744
1297;726
1298;729
1299;733
1300;728
1301;724
1302;767
1303;810
1304;832
1305;855
1306;901
1307;948
1308;1044
1309;1141
1310;1323
1311;1505
1312;1806
1313;2107
1314;2335
1315;2564
1316;2674
1317;2785
1318;2941
1319;3098
1320;3238
1321;3378
1322;3341
1323;3305
1324;3076
1325;2848
1326;2707
1327;2566
1328;2385
1329;2204
1330;2071
1331;1938
1332;1695
1333;1452
1334;1263
1335;1075
1336;1000
1337;926
1338;858
1339;791
1340;776
1341;762
1342;757
1343;753
1344;743
1345;733
1346;727
1347;722
1348;768
1349;815
1350;829
1351;844
1352;942
1353;1041
1354;1234
1355;1427
1356;1682
1357;1938
1358;2197
1359;2457
1360;2610
1361;2763
1362;2892
1363;3021
1364;3182
1365;3343
1366;3284
1367;3225
1368;3225
