# Strom: -1.39 A
# Magnetfeld: -129 mT
# Schnitt bei (681,462)
# Mittelung: 1 Pixel
# Magnetfeldsensor kalibriertPixel ; Red Value
1;2147
2;2205
3;2264
4;2042
5;1820
6;1575
7;1330
8;1079
9;828
10;741
11;655
12;619
13;584
14;542
15;500
16;470
17;440
18;456
19;473
20;450
21;427
22;451
23;475
24;465
25;456
26;468
27;480
28;493
29;506
30;522
31;538
32;588
33;638
34;714
35;790
36;995
37;1201
38;1526
39;1851
40;2075
41;2299
42;2272
43;2246
44;2235
45;2224
46;2249
47;2275
48;2156
49;2038
50;1781
51;1525
52;1247
53;970
54;826
55;682
56;627
57;573
58;533
59;493
60;481
61;469
62;470
63;471
64;476
65;482
66;463
67;445
68;463
69;482
70;483
71;484
72;485
73;487
74;501
75;516
76;536
77;557
78;589
79;622
80;707
81;793
82;902
83;1012
84;1303
85;1594
86;1887
87;2180
88;2289
89;2399
90;2278
91;2158
92;2184
93;2211
94;2316
95;2422
96;2261
97;2100
98;1753
99;1407
100;1199
101;992
102;876
103;760
104;681
105;602
106;586
107;571
108;533
109;496
110;494
111;493
112;487
113;482
114;468
115;455
116;454
117;453
118;464
119;475
120;464
121;453
122;457
123;462
124;476
125;491
126;531
127;571
128;582
129;593
130;670
131;748
132;816
133;884
134;1094
135;1305
136;1603
137;1902
138;2173
139;2444
140;2480
141;2517
142;2376
143;2235
144;2217
145;2200
146;2373
147;2546
148;2438
149;2330
150;1976
151;1623
152;1383
153;1143
154;971
155;800
156;734
157;669
158;623
159;577
160;556
161;535
162;515
163;496
164;481
165;467
166;474
167;482
168;470
169;458
170;465
171;473
172;475
173;478
174;488
175;498
176;500
177;502
178;515
179;529
180;540
181;551
182;562
183;573
184;605
185;638
186;694
187;751
188;829
189;908
190;1081
191;1254
192;1513
193;1772
194;2133
195;2495
196;2564
197;2633
198;2469
199;2306
200;2255
201;2204
202;2276
203;2348
204;2484
205;2621
206;2524
207;2428
208;2129
209;1831
210;1522
211;1214
212;1056
213;899
214;832
215;766
216;711
217;657
218;641
219;626
220;571
221;516
222;514
223;513
224;504
225;495
226;491
227;487
228;486
229;486
230;484
231;482
232;481
233;480
234;481
235;482
236;500
237;518
238;523
239;529
240;511
241;493
242;506
243;520
244;550
245;580
246;596
247;613
248;653
249;693
250;744
251;795
252;909
253;1024
254;1141
255;1259
256;1553
257;1847
258;2164
259;2482
260;2602
261;2723
262;2654
263;2586
264;2433
265;2280
266;2341
267;2402
268;2524
269;2646
270;2718
271;2790
272;2689
273;2588
274;2257
275;1927
276;1673
277;1419
278;1250
279;1081
280;1004
281;928
282;842
283;757
284;707
285;657
286;638
287;620
288;605
289;591
290;567
291;544
292;538
293;533
294;506
295;480
296;494
297;509
298;508
299;507
300;502
301;498
302;480
303;462
304;486
305;511
306;506
307;502
308;511
309;520
310;522
311;524
312;520
313;516
314;544
315;573
316;571
317;569
318;602
319;635
320;655
321;675
322;695
323;715
324;766
325;817
326;891
327;966
328;1090
329;1215
330;1410
331;1605
332;1855
333;2106
334;2345
335;2584
336;2742
337;2901
338;2832
339;2763
340;2651
341;2539
342;2489
343;2439
344;2431
345;2424
346;2556
347;2688
348;2827
349;2967
350;2925
351;2883
352;2687
353;2492
354;2242
355;1993
356;1776
357;1560
358;1391
359;1223
360;1115
361;1008
362;941
363;875
364;820
365;766
366;740
367;715
368;691
369;668
370;645
371;622
372;595
373;569
374;564
375;560
376;558
377;557
378;543
379;529
380;532
381;536
382;537
383;538
384;512
385;486
386;506
387;526
388;511
389;496
390;518
391;540
392;532
393;524
394;524
395;524
396;517
397;511
398;509
399;507
400;526
401;546
402;552
403;558
404;548
405;538
406;554
407;571
408;574
409;578
410;603
411;629
412;643
413;658
414;668
415;678
416;726
417;775
418;787
419;800
420;884
421;968
422;1011
423;1055
424;1152
425;1250
426;1368
427;1487
428;1700
429;1914
430;2111
431;2308
432;2508
433;2708
434;2911
435;3114
436;3071
437;3029
438;3002
439;2976
440;2860
441;2745
442;2625
443;2506
444;2536
445;2566
446;2571
447;2577
448;2591
449;2606
450;2761
451;2916
452;2997
453;3079
454;3151
455;3223
456;3119
457;3016
458;2870
459;2725
460;2533
461;2342
462;2143
463;1945
464;1788
465;1632
466;1506
467;1381
468;1289
469;1197
470;1113
471;1030
472;982
473;935
474;910
475;886
476;835
477;784
478;781
479;779
480;770
481;762
482;735
483;709
484;694
485;680
486;664
487;649
488;630
489;611
490;605
491;600
492;600
493;600
494;578
495;557
496;578
497;600
498;584
499;569
500;564
501;560
502;553
503;546
504;548
505;551
506;560
507;569
508;539
509;509
510;537
511;566
512;552
513;538
514;543
515;549
516;556
517;564
518;557
519;551
520;542
521;533
522;553
523;573
524;554
525;536
526;555
527;575
528;561
529;547
530;534
531;522
532;527
533;533
534;532
535;531
536;528
537;526
538;539
539;553
540;575
541;597
542;592
543;587
544;576
545;566
546;585
547;604
548;597
549;591
550;601
551;611
552;604
553;598
554;602
555;606
556;619
557;633
558;640
559;648
560;656
561;664
562;674
563;684
564;695
565;706
566;720
567;735
568;733
569;731
570;755
571;779
572;781
573;784
574;797
575;811
576;854
577;897
578;893
579;890
580;907
581;924
582;953
583;982
584;997
585;1012
586;1056
587;1101
588;1148
589;1195
590;1207
591;1219
592;1237
593;1256
594;1348
595;1441
596;1445
597;1450
598;1509
599;1569
600;1614
601;1660
602;1716
603;1772
604;1864
605;1956
606;1980
607;2004
608;2100
609;2197
610;2230
611;2264
612;2367
613;2471
614;2546
615;2621
616;2642
617;2663
618;2736
619;2810
620;2843
621;2876
622;2970
623;3065
624;3084
625;3103
626;3130
627;3158
628;3181
629;3205
630;3243
631;3282
632;3278
633;3274
634;3262
635;3251
636;3282
637;3314
638;3303
639;3292
640;3286
641;3280
642;3274
643;3269
644;3240
645;3212
646;3255
647;3298
648;3259
649;3220
650;3212
651;3205
652;3196
653;3187
654;3159
655;3132
656;3095
657;3059
658;3061
659;3063
660;3079
661;3096
662;3047
663;2998
664;2987
665;2976
666;3000
667;3025
668;3005
669;2985
670;3028
671;3072
672;3019
673;2967
674;2937
675;2907
676;2928
677;2950
678;2954
679;2959
680;2974
681;2990
682;2925
683;2861
684;2878
685;2896
686;2920
687;2945
688;2967
689;2990
690;2951
691;2912
692;2937
693;2963
694;3006
695;3050
696;3008
697;2967
698;2976
699;2985
700;2998
701;3012
702;2978
703;2945
704;2953
705;2961
706;2978
707;2996
708;3001
709;3007
710;3058
711;3110
712;3102
713;3094
714;3125
715;3156
716;3130
717;3105
718;3148
719;3192
720;3193
721;3194
722;3238
723;3283
724;3276
725;3269
726;3293
727;3318
728;3284
729;3251
730;3278
731;3305
732;3269
733;3234
734;3270
735;3307
736;3262
737;3218
738;3216
739;3214
740;3156
741;3099
742;3094
743;3090
744;3024
745;2959
746;2913
747;2868
748;2815
749;2763
750;2706
751;2650
752;2602
753;2555
754;2469
755;2384
756;2359
757;2335
758;2264
759;2193
760;2109
761;2026
762;1945
763;1864
764;1851
765;1838
766;1762
767;1687
768;1628
769;1570
770;1567
771;1565
772;1502
773;1439
774;1359
775;1279
776;1249
777;1219
778;1185
779;1152
780;1137
781;1123
782;1067
783;1012
784;1033
785;1055
786;1028
787;1002
788;976
789;950
790;934
791;919
792;903
793;888
794;884
795;881
796;837
797;793
798;790
799;788
800;789
801;791
802;768
803;746
804;746
805;746
806;725
807;704
808;707
809;711
810;707
811;704
812;712
813;720
814;703
815;686
816;686
817;686
818;657
819;629
820;630
821;631
822;637
823;644
824;647
825;651
826;657
827;664
828;652
829;640
830;632
831;624
832;624
833;624
834;624
835;624
836;639
837;655
838;632
839;609
840;606
841;604
842;590
843;577
844;586
845;595
846;596
847;597
848;598
849;600
850;606
851;613
852;626
853;640
854;634
855;629
856;629
857;629
858;621
859;613
860;616
861;620
862;634
863;649
864;650
865;651
866;640
867;629
868;624
869;620
870;642
871;664
872;677
873;691
874;690
875;689
876;704
877;720
878;702
879;684
880;703
881;722
882;741
883;760
884;785
885;810
886;824
887;839
888;860
889;882
890;899
891;917
892;942
893;968
894;1011
895;1055
896;1103
897;1152
898;1265
899;1379
900;1431
901;1483
902;1617
903;1751
904;1901
905;2051
906;2227
907;2404
908;2612
909;2821
910;2963
911;3105
912;3144
913;3183
914;3145
915;3107
916;3028
917;2950
918;2843
919;2737
920;2660
921;2584
922;2563
923;2542
924;2602
925;2663
926;2751
927;2839
928;2980
929;3121
930;3128
931;3136
932;3109
933;3083
934;2905
935;2728
936;2575
937;2422
938;2207
939;1993
940;1797
941;1601
942;1471
943;1341
944;1255
945;1170
946;1118
947;1066
948;1008
949;950
950;915
951;881
952;850
953;819
954;779
955;739
956;732
957;726
958;727
959;728
960;692
961;657
962;655
963;653
964;648
965;644
966;646
967;649
968;642
969;635
970;636
971;638
972;649
973;660
974;637
975;615
976;621
977;628
978;626
979;624
980;626
981;629
982;623
983;617
984;627
985;637
986;640
987;644
988;638
989;633
990;638
991;644
992;663
993;682
994;699
995;717
996;731
997;746
998;756
999;766
1000;774
1001;782
1002;855
1003;928
1004;958
1005;988
1006;1063
1007;1139
1008;1253
1009;1367
1010;1530
1011;1694
1012;1912
1013;2131
1014;2431
1015;2732
1016;2865
1017;2998
1018;3013
1019;3029
1020;2909
1021;2790
1022;2638
1023;2486
1024;2458
1025;2431
1026;2545
1027;2659
1028;2813
1029;2967
1030;2984
1031;3001
1032;2943
1033;2885
1034;2551
1035;2218
1036;1988
1037;1758
1038;1539
1039;1321
1040;1199
1041;1077
1042;985
1043;893
1044;868
1045;844
1046;797
1047;751
1048;739
1049;728
1050;717
1051;706
1052;687
1053;668
1054;662
1055;657
1056;640
1057;624
1058;616
1059;609
1060;622
1061;635
1062;641
1063;648
1064;635
1065;622
1066;600
1067;578
1068;590
1069;602
1070;604
1071;607
1072;610
1073;613
1074;633
1075;653
1076;675
1077;697
1078;702
1079;708
1080;712
1081;717
1082;765
1083;813
1084;834
1085;855
1086;926
1087;997
1088;1095
1089;1194
1090;1353
1091;1512
1092;1781
1093;2051
1094;2340
1095;2630
1096;2737
1097;2845
1098;2819
1099;2794
1100;2615
1101;2437
1102;2425
1103;2413
1104;2533
1105;2654
1106;2797
1107;2941
1108;2770
1109;2599
1110;2381
1111;2164
1112;1872
1113;1580
1114;1397
1115;1215
1116;1087
1117;959
1118;906
1119;853
1120;785
1121;717
1122;708
1123;699
1124;669
1125;640
1126;657
1127;675
1128;642
1129;609
1130;628
1131;648
1132;612
1133;577
1134;587
1135;597
1136;597
1137;597
1138;586
1139;575
1140;595
1141;615
1142;613
1143;611
1144;631
1145;651
1146;676
1147;702
1148;695
1149;688
1150;734
1151;780
1152;815
1153;850
1154;908
1155;966
1156;1124
1157;1283
1158;1513
1159;1743
1160;2077
1161;2411
1162;2576
1163;2741
1164;2681
1165;2621
1166;2470
1167;2320
1168;2388
1169;2457
1170;2542
1171;2628
1172;2640
1173;2652
1174;2380
1175;2109
1176;1798
1177;1487
1178;1298
1179;1110
1180;1010
1181;910
1182;828
1183;746
1184;737
1185;728
1186;685
1187;642
1188;625
1189;609
1190;612
1191;615
1192;605
1193;595
1194;592
1195;589
1196;602
1197;615
1198;596
1199;578
1200;582
1201;586
1202;595
1203;604
1204;630
1205;657
1206;648
1207;640
1208;664
1209;689
1210;726
1211;764
1212;810
1213;857
1214;970
1215;1084
1216;1321
1217;1558
1218;1921
1219;2284
1220;2451
1221;2619
1222;2537
1223;2455
1224;2332
1225;2209
1226;2311
1227;2413
1228;2482
1229;2552
1230;2416
1231;2280
1232;1957
1233;1634
1234;1394
1235;1155
1236;1020
1237;886
1238;824
1239;762
1240;728
1241;695
1242;674
1243;653
1244;634
1245;615
1246;607
1247;600
1248;587
1249;575
1250;586
1251;598
1252;587
1253;577
1254;578
1255;580
1256;588
1257;597
1258;606
1259;615
1260;622
1261;629
1262;670
1263;711
1264;735
1265;759
1266;875
1267;992
1268;1164
1269;1336
1270;1663
1271;1991
1272;2207
1273;2424
1274;2421
1275;2419
1276;2352
1277;2286
1278;2346
1279;2406
1280;2448
1281;2490
1282;2242
1283;1995
1284;1681
1285;1367
1286;1185
1287;1004
1288;896
1289;788
1290;727
1291;666
1292;640
1293;615
1294;607
1295;600
1296;589
1297;578
1298;577
1299;577
1300;570
1301;564
1302;562
1303;560
1304;559
1305;558
1306;574
1307;591
1308;600
1309;609
1310;626
1311;644
1312;688
1313;733
1314;820
1315;908
1316;1099
1317;1290
1318;1590
1319;1891
1320;2135
1321;2379
1322;2344
1323;2309
1324;2272
1325;2235
1326;2308
1327;2382
1328;2284
1329;2186
1330;1954
1331;1722
1332;1411
1333;1101
1334;988
1335;875
1336;782
1337;689
1338;664
1339;640
1340;615
1341;591
1342;584
1343;577
1344;560
1345;544
1346;555
1347;567
1348;555
1349;544
1350;532
1351;520
1352;559
1353;598
1354;587
1355;577
1356;598
1357;620
1358;702
1359;784
1360;956
1361;1128
1362;1404
1363;1681
1364;1911
1365;2142
1366;2182
1367;2222
1368;2222
