# Strom: -1.43 A
# Magnetfeld: -133 mT
# Schnitt bei (681,462)
# Mittelung: 1 Pixel
# Magnetfeldsensor kalibriertPixel ; Red Value
1;2320
2;2347
3;2375
4;2202
5;2029
6;1726
7;1423
8;1185
9;948
10;825
11;702
12;637
13;573
14;558
15;544
16;529
17;515
18;503
19;491
20;495
21;500
22;474
23;449
24;486
25;524
26;519
27;515
28;530
29;546
30;586
31;626
32;646
33;666
34;803
35;941
36;1160
37;1379
38;1697
39;2015
40;2297
41;2579
42;2531
43;2484
44;2407
45;2331
46;2411
47;2492
48;2360
49;2228
50;1893
51;1558
52;1281
53;1004
54;876
55;749
56;688
57;628
58;603
59;578
60;549
61;520
62;508
63;496
64;482
65;469
66;483
67;498
68;493
69;489
70;492
71;495
72;501
73;507
74;518
75;529
76;544
77;560
78;631
79;702
80;729
81;757
82;955
83;1154
84;1441
85;1729
86;2045
87;2362
88;2475
89;2588
90;2501
91;2415
92;2422
93;2430
94;2517
95;2604
96;2465
97;2326
98;1960
99;1594
100;1325
101;1057
102;919
103;782
104;713
105;644
106;615
107;587
108;570
109;553
110;528
111;504
112;492
113;480
114;483
115;487
116;501
117;515
118;507
119;500
120;493
121;486
122;504
123;522
124;515
125;509
126;533
127;557
128;600
129;644
130;692
131;740
132;869
133;999
134;1199
135;1399
136;1776
137;2153
138;2451
139;2750
140;2719
141;2688
142;2576
143;2464
144;2486
145;2508
146;2620
147;2732
148;2632
149;2533
150;2193
151;1854
152;1546
153;1239
154;1065
155;891
156;797
157;704
158;673
159;642
160;605
161;569
162;561
163;553
164;548
165;544
166;530
167;516
168;533
169;551
170;520
171;489
172;494
173;500
174;493
175;487
176;494
177;502
178;524
179;546
180;550
181;555
182;566
183;578
184;636
185;695
186;745
187;795
188;880
189;966
190;1150
191;1334
192;1631
193;1929
194;2287
195;2646
196;2751
197;2856
198;2709
199;2563
200;2501
201;2439
202;2558
203;2677
204;2815
205;2954
206;2798
207;2643
208;2329
209;2016
210;1688
211;1361
212;1180
213;999
214;914
215;830
216;735
217;640
218;628
219;617
220;593
221;569
222;574
223;580
224;565
225;551
226;535
227;520
228;514
229;509
230;519
231;529
232;522
233;515
234;515
235;515
236;518
237;522
238;521
239;520
240;523
241;526
242;559
243;593
244;594
245;595
246;621
247;648
248;704
249;760
250;808
251;857
252;962
253;1068
254;1269
255;1470
256;1782
257;2095
258;2442
259;2790
260;2925
261;3061
262;2933
263;2806
264;2697
265;2588
266;2549
267;2510
268;2639
269;2768
270;2898
271;3029
272;2913
273;2797
274;2524
275;2251
276;1923
277;1596
278;1392
279;1188
280;1074
281;961
282;902
283;844
284;785
285;726
286;712
287;699
288;653
289;607
290;593
291;580
292;584
293;589
294;557
295;526
296;518
297;511
298;523
299;536
300;526
301;516
302;495
303;475
304;501
305;527
306;536
307;546
308;553
309;560
310;547
311;535
312;552
313;569
314;574
315;580
316;581
317;582
318;616
319;651
320;656
321;662
322;721
323;780
324;826
325;873
326;943
327;1013
328;1155
329;1297
330;1511
331;1725
332;2035
333;2346
334;2641
335;2936
336;3108
337;3280
338;3190
339;3101
340;2908
341;2715
342;2656
343;2597
344;2609
345;2621
346;2771
347;2921
348;3037
349;3154
350;3166
351;3178
352;3033
353;2888
354;2546
355;2204
356;1952
357;1700
358;1482
359;1265
360;1174
361;1084
362;996
363;908
364;876
365;844
366;796
367;748
368;746
369;744
370;688
371;633
372;632
373;631
374;610
375;589
376;585
377;582
378;572
379;562
380;566
381;571
382;569
383;567
384;559
385;551
386;557
387;564
388;532
389;500
390;532
391;564
392;555
393;546
394;529
395;513
396;539
397;566
398;542
399;518
400;557
401;597
402;580
403;564
404;577
405;591
406;614
407;638
408;637
409;637
410;656
411;675
412;684
413;693
414;726
415;759
416;785
417;811
418;872
419;933
420;972
421;1012
422;1093
423;1174
424;1294
425;1414
426;1518
427;1623
428;1825
429;2027
430;2284
431;2541
432;2764
433;2987
434;3116
435;3245
436;3311
437;3378
438;3319
439;3260
440;3108
441;2956
442;2886
443;2816
444;2791
445;2766
446;2794
447;2823
448;2925
449;3027
450;3099
451;3172
452;3259
453;3347
454;3414
455;3482
456;3379
457;3276
458;3076
459;2876
460;2715
461;2555
462;2339
463;2124
464;1939
465;1754
466;1615
467;1476
468;1396
469;1317
470;1244
471;1172
472;1132
473;1092
474;1021
475;950
476;949
477;948
478;902
479;857
480;833
481;810
482;784
483;759
484;759
485;759
486;727
487;695
488;685
489;675
490;661
491;648
492;619
493;591
494;594
495;597
496;607
497;618
498;618
499;618
500;610
501;602
502;596
503;591
504;583
505;575
506;584
507;593
508;590
509;587
510;573
511;560
512;565
513;571
514;572
515;573
516;576
517;580
518;583
519;586
520;571
521;557
522;560
523;564
524;574
525;584
526;565
527;546
528;548
529;551
530;558
531;566
532;585
533;604
534;605
535;607
536;598
537;589
538;594
539;600
540;601
541;602
542;609
543;617
544;629
545;642
546;637
547;633
548;633
549;633
550;645
551;657
552;653
553;649
554;651
555;653
556;678
557;704
558;694
559;684
560;691
561;699
562;728
563;757
564;759
565;762
566;766
567;771
568;786
569;802
570;814
571;826
572;829
573;833
574;861
575;890
576;900
577;911
578;932
579;953
580;983
581;1013
582;1065
583;1117
584;1119
585;1121
586;1114
587;1108
588;1167
589;1226
590;1277
591;1328
592;1363
593;1399
594;1444
595;1490
596;1539
597;1589
598;1641
599;1694
600;1771
601;1849
602;1885
603;1922
604;1989
605;2056
606;2097
607;2138
608;2250
609;2362
610;2467
611;2573
612;2622
613;2672
614;2746
615;2821
616;2881
617;2941
618;3012
619;3083
620;3193
621;3303
622;3294
623;3285
624;3299
625;3314
626;3371
627;3429
628;3474
629;3520
630;3554
631;3589
632;3579
633;3569
634;3581
635;3593
636;3569
637;3545
638;3552
639;3560
640;3563
641;3567
642;3580
643;3593
644;3526
645;3460
646;3484
647;3509
648;3540
649;3571
650;3520
651;3469
652;3451
653;3434
654;3442
655;3451
656;3428
657;3405
658;3368
659;3332
660;3305
661;3278
662;3301
663;3325
664;3308
665;3292
666;3294
667;3296
668;3283
669;3271
670;3255
671;3240
672;3284
673;3329
674;3257
675;3185
676;3198
677;3212
678;3221
679;3231
680;3182
681;3134
682;3160
683;3187
684;3174
685;3161
686;3190
687;3220
688;3238
689;3256
690;3209
691;3163
692;3205
693;3247
694;3240
695;3234
696;3213
697;3192
698;3217
699;3243
700;3251
701;3260
702;3294
703;3329
704;3358
705;3387
706;3357
707;3327
708;3314
709;3302
710;3300
711;3298
712;3308
713;3318
714;3340
715;3363
716;3371
717;3380
718;3438
719;3496
720;3501
721;3507
722;3520
723;3533
724;3509
725;3485
726;3579
727;3673
728;3613
729;3553
730;3567
731;3582
732;3587
733;3593
734;3574
735;3556
736;3555
737;3555
738;3531
739;3507
740;3434
741;3362
742;3338
743;3314
744;3300
745;3287
746;3218
747;3149
748;3099
749;3049
750;2980
751;2912
752;2870
753;2828
754;2730
755;2633
756;2549
757;2466
758;2369
759;2273
760;2213
761;2153
762;2139
763;2126
764;2047
765;1969
766;1893
767;1818
768;1756
769;1694
770;1676
771;1658
772;1607
773;1556
774;1494
775;1432
776;1388
777;1345
778;1279
779;1214
780;1205
781;1197
782;1179
783;1161
784;1126
785;1092
786;1065
787;1039
788;1028
789;1017
790;979
791;941
792;949
793;957
794;956
795;955
796;916
797;877
798;884
799;891
800;871
801;851
802;843
803;835
804;797
805;760
806;764
807;769
808;767
809;766
810;757
811;749
812;734
813;720
814;714
815;709
816;706
817;704
818;717
819;731
820;721
821;711
822;689
823;668
824;681
825;695
826;688
827;682
828;668
829;655
830;652
831;649
832;651
833;653
834;657
835;662
836;673
837;684
838;687
839;691
840;678
841;666
842;654
843;642
844;665
845;688
846;686
847;684
848;664
849;644
850;660
851;677
852;671
853;666
854;666
855;666
856;676
857;686
858;680
859;675
860;684
861;693
862;696
863;699
864;702
865;706
866;705
867;704
868;701
869;699
870;716
871;733
872;751
873;769
874;748
875;728
876;740
877;753
878;778
879;804
880;801
881;799
882;799
883;800
884;850
885;901
886;901
887;902
888;929
889;957
890;977
891;997
892;1025
893;1053
894;1103
895;1154
896;1222
897;1290
898;1352
899;1414
900;1528
901;1643
902;1788
903;1934
904;2111
905;2289
906;2480
907;2672
908;2856
909;3041
910;3160
911;3280
912;3393
913;3507
914;3419
915;3331
916;3268
917;3205
918;3148
919;3092
920;2955
921;2819
922;2849
923;2879
924;2901
925;2923
926;3054
927;3185
928;3254
929;3323
930;3355
931;3387
932;3376
933;3365
934;3218
935;3072
936;2846
937;2621
938;2372
939;2124
940;1956
941;1789
942;1631
943;1474
944;1376
945;1279
946;1202
947;1126
948;1065
949;1004
950;941
951;879
952;892
953;906
954;859
955;813
956;806
957;800
958;768
959;737
960;739
961;742
962;738
963;735
964;706
965;678
966;672
967;666
968;667
969;668
970;651
971;635
972;650
973;666
974;687
975;708
976;694
977;680
978;680
979;680
980;687
981;695
982;686
983;678
984;677
985;677
986;674
987;671
988;685
989;699
990;683
991;668
992;691
993;715
994;724
995;733
996;764
997;795
998;813
999;831
1000;857
1001;884
1002;930
1003;977
1004;1021
1005;1066
1006;1155
1007;1245
1008;1353
1009;1461
1010;1657
1011;1854
1012;2096
1013;2339
1014;2645
1015;2952
1016;3094
1017;3236
1018;3274
1019;3312
1020;3169
1021;3027
1022;2878
1023;2730
1024;2708
1025;2686
1026;2770
1027;2854
1028;3013
1029;3172
1030;3212
1031;3252
1032;3106
1033;2961
1034;2724
1035;2488
1036;2173
1037;1858
1038;1639
1039;1421
1040;1294
1041;1168
1042;1100
1043;1032
1044;968
1045;904
1046;867
1047;831
1048;786
1049;742
1050;735
1051;728
1052;710
1053;693
1054;682
1055;671
1056;677
1057;684
1058;660
1059;637
1060;637
1061;637
1062;652
1063;668
1064;651
1065;635
1066;631
1067;628
1068;650
1069;673
1070;658
1071;644
1072;667
1073;691
1074;695
1075;700
1076;708
1077;717
1078;730
1079;744
1080;754
1081;764
1082;779
1083;795
1084;859
1085;924
1086;975
1087;1026
1088;1159
1089;1292
1090;1500
1091;1709
1092;1988
1093;2268
1094;2575
1095;2883
1096;3004
1097;3125
1098;3026
1099;2928
1100;2770
1101;2612
1102;2611
1103;2610
1104;2738
1105;2866
1106;3001
1107;3136
1108;2996
1109;2857
1110;2583
1111;2309
1112;1986
1113;1663
1114;1466
1115;1270
1116;1163
1117;1057
1118;965
1119;873
1120;819
1121;766
1122;746
1123;726
1124;697
1125;669
1126;657
1127;646
1128;647
1129;649
1130;643
1131;637
1132;643
1133;649
1134;638
1135;628
1136;638
1137;648
1138;639
1139;631
1140;624
1141;617
1142;625
1143;633
1144;666
1145;699
1146;679
1147;660
1148;680
1149;700
1150;759
1151;819
1152;881
1153;944
1154;1010
1155;1077
1156;1228
1157;1379
1158;1667
1159;1956
1160;2272
1161;2588
1162;2803
1163;3019
1164;2885
1165;2752
1166;2620
1167;2488
1168;2568
1169;2648
1170;2764
1171;2881
1172;2863
1173;2845
1174;2577
1175;2309
1176;1928
1177;1547
1178;1382
1179;1217
1180;1090
1181;964
1182;894
1183;824
1184;781
1185;739
1186;717
1187;695
1188;682
1189;669
1190;667
1191;666
1192;621
1193;577
1194;589
1195;602
1196;621
1197;640
1198;643
1199;646
1200;634
1201;622
1202;627
1203;633
1204;645
1205;657
1206;661
1207;666
1208;697
1209;729
1210;774
1211;820
1212;881
1213;942
1214;1070
1215;1199
1216;1466
1217;1734
1218;2059
1219;2384
1220;2560
1221;2737
1222;2641
1223;2546
1224;2478
1225;2411
1226;2525
1227;2639
1228;2720
1229;2801
1230;2619
1231;2437
1232;2116
1233;1796
1234;1519
1235;1243
1236;1084
1237;926
1238;868
1239;811
1240;775
1241;740
1242;708
1243;677
1244;653
1245;629
1246;614
1247;600
1248;602
1249;604
1250;597
1251;591
1252;593
1253;595
1254;589
1255;584
1256;603
1257;622
1258;619
1259;617
1260;647
1261;677
1262;725
1263;773
1264;806
1265;839
1266;941
1267;1043
1268;1268
1269;1494
1270;1867
1271;2240
1272;2429
1273;2619
1274;2566
1275;2513
1276;2469
1277;2426
1278;2489
1279;2552
1280;2611
1281;2670
1282;2413
1283;2157
1284;1799
1285;1441
1286;1233
1287;1026
1288;935
1289;844
1290;785
1291;726
1292;692
1293;658
1294;649
1295;640
1296;634
1297;628
1298;629
1299;631
1300;604
1301;578
1302;581
1303;584
1304;593
1305;602
1306;604
1307;607
1308;630
1309;653
1310;660
1311;668
1312;715
1313;762
1314;871
1315;981
1316;1204
1317;1428
1318;1739
1319;2051
1320;2255
1321;2459
1322;2458
1323;2457
1324;2438
1325;2419
1326;2493
1327;2568
1328;2449
1329;2331
1330;2075
1331;1820
1332;1524
1333;1228
1334;1062
1335;897
1336;851
1337;806
1338;739
1339;673
1340;641
1341;609
1342;597
1343;586
1344;586
1345;586
1346;568
1347;551
1348;572
1349;593
1350;597
1351;602
1352;608
1353;615
1354;620
1355;626
1356;672
1357;719
1358;787
1359;855
1360;1030
1361;1205
1362;1484
1363;1763
1364;2006
1365;2249
1366;2332
1367;2415
1368;2415
