# Strom: -5.19 A
# Magnetfeld: -437 mT
# Schnitt bei (681,462)
# Mittelung: 1 Pixel
# Magnetfeldsensor kalibriertPixel ; Red Value
1;2360
2;2326
3;2293
4;2113
5;1933
6;1832
7;1731
8;1785
9;1840
10;2027
11;2215
12;2270
13;2326
14;2131
15;1936
16;1667
17;1399
18;1248
19;1097
20;1008
21;919
22;920
23;922
24;930
25;939
26;981
27;1024
28;1120
29;1217
30;1455
31;1694
32;1880
33;2067
34;2058
35;2049
36;1947
37;1845
38;1773
39;1701
40;1701
41;1701
42;1848
43;1996
44;2179
45;2362
46;2331
47;2300
48;2157
49;2015
50;1835
51;1656
52;1671
53;1687
54;1869
55;2051
56;2215
57;2379
58;2292
59;2206
60;1954
61;1703
62;1480
63;1257
64;1137
65;1017
66;987
67;957
68;929
69;901
70;913
71;926
72;964
73;1002
74;1127
75;1252
76;1445
77;1638
78;1855
79;2073
80;2072
81;2071
82;1998
83;1925
84;1828
85;1732
86;1682
87;1632
88;1715
89;1798
90;2020
91;2242
92;2372
93;2502
94;2372
95;2242
96;2050
97;1858
98;1728
99;1598
100;1629
101;1661
102;1848
103;2035
104;2258
105;2481
106;2397
107;2313
108;2055
109;1798
110;1569
111;1341
112;1222
113;1104
114;1040
115;977
116;925
117;873
118;874
119;875
120;914
121;953
122;986
123;1019
124;1125
125;1232
126;1440
127;1649
128;1835
129;2022
130;2054
131;2087
132;2018
133;1949
134;1871
135;1793
136;1706
137;1620
138;1668
139;1716
140;1860
141;2005
142;2202
143;2399
144;2456
145;2513
146;2396
147;2280
148;2102
149;1924
150;1785
151;1647
152;1630
153;1614
154;1773
155;1933
156;2202
157;2471
158;2535
159;2599
160;2385
161;2171
162;1886
163;1601
164;1406
165;1212
166;1135
167;1059
168;1010
169;961
170;928
171;895
172;909
173;924
174;917
175;910
176;938
177;966
178;1048
179;1130
180;1274
181;1418
182;1607
183;1796
184;1977
185;2158
186;2152
187;2147
188;2055
189;1964
190;1867
191;1771
192;1725
193;1680
194;1646
195;1612
196;1725
197;1838
198;2019
199;2200
200;2393
201;2586
202;2535
203;2484
204;2324
205;2164
206;2034
207;1904
208;1778
209;1652
210;1639
211;1627
212;1735
213;1843
214;2064
215;2286
216;2436
217;2586
218;2566
219;2546
220;2271
221;1996
222;1805
223;1614
224;1420
225;1226
226;1156
227;1086
228;1014
229;942
230;907
231;873
232;872
233;871
234;888
235;906
236;923
237;941
238;961
239;981
240;1070
241;1159
242;1261
243;1363
244;1517
245;1671
246;1919
247;2167
248;2223
249;2280
250;2213
251;2147
252;2063
253;1980
254;1865
255;1751
256;1713
257;1676
258;1694
259;1712
260;1733
261;1754
262;1934
263;2115
264;2349
265;2584
266;2642
267;2701
268;2608
269;2515
270;2361
271;2208
272;2026
273;1845
274;1716
275;1587
276;1573
277;1560
278;1650
279;1740
280;1837
281;1934
282;2191
283;2448
284;2547
285;2646
286;2612
287;2579
288;2354
289;2129
290;1887
291;1645
292;1487
293;1330
294;1246
295;1163
296;1106
297;1050
298;998
299;946
300;926
301;906
302;902
303;899
304;887
305;875
306;878
307;881
308;907
309;933
310;960
311;988
312;1057
313;1126
314;1226
315;1327
316;1500
317;1674
318;1855
319;2036
320;2126
321;2217
322;2263
323;2309
324;2235
325;2162
326;2081
327;2000
328;1899
329;1798
330;1809
331;1820
332;1722
333;1625
334;1623
335;1621
336;1694
337;1767
338;1901
339;2036
340;2198
341;2360
342;2477
343;2595
344;2663
345;2732
346;2672
347;2613
348;2420
349;2228
350;2125
351;2022
352;1896
353;1771
354;1695
355;1620
356;1620
357;1620
358;1631
359;1643
360;1753
361;1864
362;2025
363;2186
364;2324
365;2462
366;2613
367;2765
368;2716
369;2668
370;2468
371;2269
372;2132
373;1995
374;1807
375;1620
376;1493
377;1367
378;1285
379;1203
380;1167
381;1132
382;1060
383;988
384;954
385;921
386;916
387;911
388;911
389;911
390;892
391;873
392;884
393;895
394;895
395;895
396;902
397;910
398;936
399;962
400;993
401;1024
402;1084
403;1144
404;1193
405;1243
406;1334
407;1425
408;1551
409;1678
410;1825
411;1973
412;2113
413;2253
414;2287
415;2322
416;2330
417;2339
418;2249
419;2160
420;2110
421;2060
422;2018
423;1976
424;1914
425;1853
426;1834
427;1816
428;1773
429;1731
430;1711
431;1691
432;1699
433;1707
434;1696
435;1685
436;1799
437;1914
438;1974
439;2035
440;2167
441;2299
442;2421
443;2544
444;2669
445;2794
446;2823
447;2852
448;2809
449;2766
450;2629
451;2492
452;2420
453;2348
454;2201
455;2055
456;1968
457;1882
458;1825
459;1769
460;1692
461;1616
462;1608
463;1601
464;1594
465;1587
466;1587
467;1587
468;1647
469;1707
470;1776
471;1845
472;1908
473;1971
474;2139
475;2308
476;2458
477;2608
478;2700
479;2792
480;2819
481;2846
482;2813
483;2781
484;2661
485;2541
486;2463
487;2386
488;2232
489;2078
490;1949
491;1820
492;1740
493;1661
494;1581
495;1501
496;1418
497;1336
498;1299
499;1263
500;1212
501;1161
502;1120
503;1079
504;1050
505;1021
506;1032
507;1044
508;1003
509;962
510;967
511;972
512;980
513;988
514;943
515;899
516;891
517;884
518;884
519;884
520;881
521;879
522;868
523;857
524;892
525;928
526;917
527;906
528;929
529;952
530;920
531;888
532;922
533;957
534;955
535;953
536;995
537;1037
538;1026
539;1015
540;1071
541;1128
542;1144
543;1161
544;1172
545;1183
546;1246
547;1310
548;1333
549;1357
550;1430
551;1503
552;1555
553;1607
554;1649
555;1692
556;1775
557;1858
558;1913
559;1969
560;2026
561;2084
562;2158
563;2233
564;2266
565;2300
566;2342
567;2384
568;2403
569;2422
570;2413
571;2404
572;2404
573;2404
574;2386
575;2368
576;2380
577;2393
578;2326
579;2259
580;2259
581;2260
582;2228
583;2197
584;2142
585;2087
586;2067
587;2047
588;2031
589;2015
590;2019
591;2024
592;2008
593;1993
594;1957
595;1922
596;1888
597;1854
598;1864
599;1874
600;1829
601;1785
602;1792
603;1800
604;1789
605;1778
606;1749
607;1720
608;1742
609;1765
610;1743
611;1722
612;1700
613;1678
614;1693
615;1709
616;1720
617;1731
618;1731
619;1732
620;1751
621;1771
622;1734
623;1698
624;1725
625;1752
626;1776
627;1800
628;1765
629;1731
630;1728
631;1725
632;1741
633;1758
634;1781
635;1805
636;1835
637;1865
638;1855
639;1845
640;1865
641;1885
642;1913
643;1942
644;1939
645;1936
646;1958
647;1980
648;1974
649;1969
650;2036
651;2104
652;2117
653;2131
654;2138
655;2146
656;2141
657;2137
658;2138
659;2140
660;2150
661;2160
662;2165
663;2171
664;2174
665;2178
666;2213
667;2249
668;2254
669;2259
670;2276
671;2293
672;2311
673;2330
674;2337
675;2344
676;2316
677;2289
678;2285
679;2282
680;2305
681;2328
682;2320
683;2313
684;2312
685;2311
686;2321
687;2331
688;2301
689;2271
690;2330
691;2390
692;2361
693;2333
694;2332
695;2331
696;2308
697;2286
698;2281
699;2277
700;2244
701;2211
702;2186
703;2162
704;2154
705;2146
706;2186
707;2226
708;2172
709;2118
710;2109
711;2100
712;2105
713;2111
714;2066
715;2022
716;1993
717;1964
718;1975
719;1987
720;1986
721;1985
722;1981
723;1978
724;1953
725;1929
726;1919
727;1909
728;1878
729;1847
730;1841
731;1836
732;1825
733;1814
734;1811
735;1809
736;1774
737;1740
738;1754
739;1769
740;1770
741;1771
742;1763
743;1756
744;1713
745;1671
746;1680
747;1689
748;1684
749;1680
750;1711
751;1743
752;1727
753;1711
754;1718
755;1725
756;1748
757;1772
758;1748
759;1725
760;1750
761;1776
762;1769
763;1762
764;1782
765;1803
766;1834
767;1865
768;1883
769;1902
770;1905
771;1909
772;1911
773;1913
774;1925
775;1938
776;1963
777;1989
778;1998
779;2007
780;2029
781;2051
782;2074
783;2098
784;2148
785;2198
786;2202
787;2206
788;2266
789;2326
790;2298
791;2271
792;2325
793;2379
794;2380
795;2382
796;2415
797;2448
798;2397
799;2346
800;2352
801;2359
802;2288
803;2218
804;2192
805;2166
806;2106
807;2046
808;1973
809;1900
810;1854
811;1809
812;1739
813;1669
814;1611
815;1554
816;1496
817;1438
818;1389
819;1341
820;1293
821;1246
822;1224
823;1203
824;1160
825;1117
826;1092
827;1068
828;1050
829;1033
830;1021
831;1010
832;1000
833;990
834;997
835;1004
836;972
837;941
838;950
839;959
840;914
841;870
842;884
843;899
844;911
845;924
846;929
847;935
848;927
849;919
850;913
851;908
852;919
853;930
854;965
855;1001
856;990
857;979
858;991
859;1004
860;1029
861;1055
862;1062
863;1070
864;1130
865;1190
866;1205
867;1221
868;1291
869;1361
870;1398
871;1436
872;1484
873;1532
874;1620
875;1709
876;1834
877;1960
878;2084
879;2209
880;2317
881;2426
882;2539
883;2652
884;2728
885;2805
886;2823
887;2841
888;2725
889;2610
890;2568
891;2526
892;2367
893;2209
894;2125
895;2042
896;1938
897;1834
898;1770
899;1707
900;1658
901;1609
902;1587
903;1565
904;1623
905;1681
906;1706
907;1731
908;1809
909;1887
910;1955
911;2024
912;2093
913;2162
914;2298
915;2435
916;2552
917;2670
918;2710
919;2750
920;2771
921;2792
922;2728
923;2664
924;2543
925;2422
926;2331
927;2240
928;2096
929;1953
930;1893
931;1834
932;1787
933;1740
934;1738
935;1736
936;1776
937;1816
938;1777
939;1738
940;1801
941;1864
942;1926
943;1989
944;2005
945;2022
946;2090
947;2158
948;2201
949;2244
950;2267
951;2291
952;2325
953;2359
954;2275
955;2191
956;2068
957;1945
958;1811
959;1678
960;1548
961;1419
962;1357
963;1296
964;1230
965;1165
966;1127
967;1090
968;1040
969;990
970;993
971;997
972;974
973;952
974;957
975;962
976;948
977;935
978;954
979;973
980;972
981;972
982;986
983;1001
984;1027
985;1053
986;1111
987;1170
988;1250
989;1330
990;1395
991;1461
992;1626
993;1791
994;1948
995;2106
996;2357
997;2608
998;2689
999;2770
1000;2740
1001;2710
1002;2547
1003;2384
1004;2217
1005;2051
1006;1937
1007;1823
1008;1722
1009;1621
1010;1616
1011;1612
1012;1660
1013;1709
1014;1761
1015;1813
1016;1946
1017;2080
1018;2256
1019;2433
1020;2552
1021;2672
1022;2693
1023;2714
1024;2592
1025;2471
1026;2354
1027;2238
1028;2069
1029;1900
1030;1842
1031;1785
1032;1746
1033;1707
1034;1736
1035;1765
1036;1786
1037;1807
1038;1836
1039;1865
1040;1975
1041;2086
1042;2198
1043;2311
1044;2325
1045;2339
1046;2261
1047;2184
1048;2034
1049;1885
1050;1704
1051;1523
1052;1421
1053;1319
1054;1239
1055;1159
1056;1093
1057;1028
1058;1010
1059;992
1060;969
1061;946
1062;937
1063;928
1064;934
1065;941
1066;923
1067;906
1068;973
1069;1041
1070;1061
1071;1081
1072;1143
1073;1205
1074;1363
1075;1521
1076;1687
1077;1853
1078;2073
1079;2293
1080;2489
1081;2686
1082;2645
1083;2604
1084;2418
1085;2233
1086;2079
1087;1925
1088;1825
1089;1725
1090;1688
1091;1652
1092;1698
1093;1745
1094;1847
1095;1949
1096;2116
1097;2284
1098;2463
1099;2643
1100;2617
1101;2592
1102;2477
1103;2362
1104;2153
1105;1945
1106;1873
1107;1802
1108;1768
1109;1734
1110;1746
1111;1758
1112;1846
1113;1934
1114;1991
1115;2049
1116;2136
1117;2224
1118;2229
1119;2235
1120;2118
1121;2002
1122;1860
1123;1718
1124;1562
1125;1407
1126;1279
1127;1152
1128;1072
1129;992
1130;982
1131;973
1132;964
1133;955
1134;922
1135;890
1136;937
1137;984
1138;980
1139;977
1140;1070
1141;1163
1142;1229
1143;1296
1144;1470
1145;1645
1146;1902
1147;2160
1148;2376
1149;2593
1150;2557
1151;2522
1152;2327
1153;2133
1154;1973
1155;1813
1156;1717
1157;1621
1158;1656
1159;1692
1160;1835
1161;1978
1162;2171
1163;2364
1164;2488
1165;2612
1166;2527
1167;2442
1168;2268
1169;2095
1170;1969
1171;1843
1172;1785
1173;1727
1174;1724
1175;1722
1176;1788
1177;1854
1178;1974
1179;2095
1180;2160
1181;2226
1182;2167
1183;2109
1184;1916
1185;1723
1186;1572
1187;1421
1188;1285
1189;1150
1190;1089
1191;1028
1192;980
1193;932
1194;932
1195;933
1196;958
1197;984
1198;981
1199;979
1200;1055
1201;1132
1202;1259
1203;1387
1204;1598
1205;1809
1206;2074
1207;2339
1208;2381
1209;2424
1210;2349
1211;2275
1212;2059
1213;1843
1214;1745
1215;1647
1216;1709
1217;1772
1218;1864
1219;1956
1220;2140
1221;2324
1222;2395
1223;2466
1224;2327
1225;2188
1226;2038
1227;1889
1228;1809
1229;1729
1230;1722
1231;1716
1232;1766
1233;1816
1234;1921
1235;2026
1236;2102
1237;2178
1238;2055
1239;1933
1240;1729
1241;1525
1242;1373
1243;1221
1244;1112
1245;1004
1246;979
1247;955
1248;916
1249;877
1250;907
1251;937
1252;999
1253;1061
1254;1094
1255;1128
1256;1304
1257;1481
1258;1753
1259;2026
1260;2208
1261;2390
1262;2351
1263;2313
1264;2113
1265;1914
1266;1778
1267;1643
1268;1690
1269;1738
1270;1898
1271;2058
1272;2163
1273;2268
1274;2363
1275;2459
1276;2296
1277;2133
1278;1987
1279;1842
1280;1780
1281;1718
1282;1754
1283;1791
1284;1901
1285;2011
1286;2043
1287;2075
1288;2012
1289;1949
1290;1753
1291;1558
1292;1420
1293;1283
1294;1146
1295;1010
1296;972
1297;935
1298;932
1299;930
1300;921
1301;913
1302;968
1303;1023
1304;1176
1305;1330
1306;1597
1307;1865
1308;2094
1309;2324
1310;2309
1311;2295
1312;2122
1313;1949
1314;1823
1315;1698
1316;1743
1317;1789
1318;1939
1319;2089
1320;2207
1321;2326
1322;2295
1323;2264
1324;2109
1325;1955
1326;1869
1327;1783
1328;1759
1329;1736
1330;1836
1331;1936
1332;2029
1333;2122
1334;2067
1335;2013
1336;1841
1337;1669
1338;1476
1339;1283
1340;1143
1341;1004
1342;966
1343;928
1344;939
1345;950
1346;987
1347;1024
1348;1119
1349;1215
1350;1373
1351;1532
1352;1795
1353;2058
1354;2192
1355;2326
1356;2153
1357;1980
1358;1848
1359;1716
1360;1738
1361;1760
1362;1878
1363;1996
1364;2107
1365;2218
1366;2238
1367;2259
1368;2259
