# Strom: -5.23 A
# Magnetfeld: -439 mT
# Schnitt bei (681,462)
# Mittelung: 1 Pixel
# Magnetfeldsensor kalibriertPixel ; Red Value
1;995
2;912
3;829
4;815
5;801
6;792
7;782
8;782
9;781
10;789
11;796
12;815
13;835
14;892
15;949
16;1034
17;1119
18;1273
19;1427
20;1599
21;1771
22;1896
23;2021
24;1990
25;1959
26;1859
27;1759
28;1692
29;1626
30;1592
31;1558
32;1576
33;1594
34;1661
35;1729
36;1935
37;2142
38;2432
39;2722
40;2939
41;3156
42;3127
43;3098
44;2901
45;2704
46;2448
47;2193
48;2027
49;1861
50;1767
51;1674
52;1618
53;1562
54;1602
55;1641
56;1787
57;1933
58;2067
59;2202
60;2216
61;2231
62;2141
63;2052
64;1880
65;1708
66;1526
67;1345
68;1214
69;1083
70;1002
71;920
72;873
73;826
74;807
75;787
76;768
77;750
78;760
79;771
80;761
81;750
82;760
83;769
84;801
85;833
86;875
87;918
88;983
89;1049
90;1146
91;1244
92;1394
93;1544
94;1681
95;1819
96;1908
97;1996
98;1979
99;1961
100;1898
101;1835
102;1786
103;1737
104;1683
105;1629
106;1609
107;1590
108;1591
109;1592
110;1630
111;1667
112;1793
113;1920
114;2124
115;2329
116;2625
117;2922
118;3076
119;3230
120;3208
121;3186
122;3011
123;2836
124;2639
125;2442
126;2268
127;2094
128;1963
129;1832
130;1732
131;1633
132;1584
133;1536
134;1568
135;1600
136;1680
137;1761
138;1865
139;1969
140;2090
141;2210
142;2274
143;2338
144;2279
145;2220
146;2114
147;2007
148;1826
149;1645
150;1514
151;1383
152;1273
153;1164
154;1079
155;993
156;946
157;899
158;874
159;849
160;824
161;800
162;786
163;772
164;764
165;756
166;756
167;756
168;773
169;791
170;792
171;793
172;793
173;794
174;819
175;845
176;885
177;926
178;967
179;1009
180;1082
181;1155
182;1235
183;1316
184;1415
185;1513
186;1659
187;1804
188;1918
189;2032
190;2046
191;2060
192;2055
193;2051
194;2016
195;1982
196;1912
197;1842
198;1804
199;1767
200;1728
201;1689
202;1650
203;1611
204;1604
205;1597
206;1593
207;1588
208;1631
209;1674
210;1740
211;1806
212;1906
213;2006
214;2166
215;2326
216;2508
217;2690
218;2858
219;3026
220;3133
221;3241
222;3288
223;3336
224;3293
225;3251
226;3085
227;2918
228;2756
229;2594
230;2448
231;2302
232;2182
233;2062
234;1961
235;1861
236;1782
237;1704
238;1651
239;1598
240;1562
241;1526
242;1543
243;1559
244;1584
245;1609
246;1667
247;1724
248;1800
249;1876
250;1962
251;2048
252;2153
253;2257
254;2313
255;2369
256;2356
257;2343
258;2376
259;2410
260;2305
261;2200
262;2135
263;2069
264;1918
265;1766
266;1694
267;1621
268;1502
269;1384
270;1297
271;1211
272;1180
273;1150
274;1082
275;1014
276;987
277;960
278;933
279;907
280;886
281;865
282;841
283;817
284;813
285;810
286;793
287;776
288;753
289;731
290;746
291;761
292;750
293;740
294;742
295;744
296;750
297;756
298;750
299;744
300;745
301;747
302;748
303;749
304;746
305;744
306;759
307;775
308;787
309;799
310;815
311;831
312;854
313;877
314;876
315;876
316;896
317;917
318;948
319;979
320;1017
321;1056
322;1084
323;1113
324;1143
325;1174
326;1229
327;1284
328;1322
329;1361
330;1408
331;1455
332;1539
333;1624
334;1692
335;1760
336;1801
337;1842
338;1879
339;1916
340;1957
341;1997
342;2039
343;2082
344;2085
345;2088
346;2092
347;2096
348;2127
349;2158
350;2140
351;2123
352;2100
353;2078
354;2050
355;2022
356;1995
357;1968
358;1934
359;1900
360;1890
361;1880
362;1850
363;1820
364;1816
365;1812
366;1783
367;1754
368;1722
369;1691
370;1699
371;1708
372;1718
373;1729
374;1692
375;1656
376;1639
377;1622
378;1621
379;1619
380;1615
381;1610
382;1582
383;1554
384;1559
385;1565
386;1580
387;1595
388;1624
389;1653
390;1616
391;1579
392;1589
393;1598
394;1600
395;1602
396;1607
397;1611
398;1639
399;1668
400;1682
401;1697
402;1681
403;1666
404;1715
405;1764
406;1771
407;1779
408;1754
409;1730
410;1775
411;1820
412;1823
413;1826
414;1860
415;1895
416;1909
417;1922
418;1976
419;2031
420;2018
421;2005
422;2016
423;2026
424;2077
425;2129
426;2134
427;2139
428;2177
429;2216
430;2232
431;2249
432;2237
433;2225
434;2259
435;2294
436;2321
437;2348
438;2363
439;2379
440;2377
441;2376
442;2403
443;2430
444;2432
445;2435
446;2447
447;2460
448;2504
449;2549
450;2520
451;2491
452;2515
453;2539
454;2540
455;2542
456;2508
457;2475
458;2497
459;2520
460;2546
461;2572
462;2512
463;2453
464;2462
465;2471
466;2492
467;2514
468;2521
469;2529
470;2513
471;2497
472;2457
473;2417
474;2414
475;2411
476;2399
477;2388
478;2384
479;2380
480;2378
481;2376
482;2341
483;2306
484;2309
485;2313
486;2266
487;2220
488;2209
489;2198
490;2190
491;2183
492;2154
493;2126
494;2104
495;2083
496;2050
497;2018
498;2018
499;2018
500;1953
501;1888
502;1921
503;1955
504;1932
505;1909
506;1874
507;1839
508;1803
509;1767
510;1775
511;1784
512;1766
513;1749
514;1760
515;1771
516;1755
517;1739
518;1723
519;1706
520;1670
521;1634
522;1664
523;1694
524;1664
525;1634
526;1617
527;1601
528;1603
529;1605
530;1609
531;1614
532;1592
533;1570
534;1590
535;1611
536;1605
537;1599
538;1621
539;1642
540;1643
541;1644
542;1646
543;1648
544;1663
545;1678
546;1689
547;1701
548;1717
549;1734
550;1720
551;1707
552;1724
553;1742
554;1749
555;1755
556;1817
557;1879
558;1858
559;1837
560;1862
561;1888
562;1904
563;1920
564;1936
565;1953
566;1976
567;2000
568;1986
569;1972
570;1998
571;2025
572;2026
573;2028
574;1997
575;1966
576;1926
577;1886
578;1892
579;1898
580;1803
581;1709
582;1658
583;1608
584;1567
585;1526
586;1464
587;1402
588;1346
589;1291
590;1251
591;1211
592;1172
593;1134
594;1088
595;1042
596;1015
597;988
598;973
599;958
600;926
601;895
602;882
603;869
604;841
605;814
606;810
607;806
608;793
609;780
610;785
611;790
612;775
613;761
614;760
615;760
616;753
617;746
618;760
619;775
620;763
621;751
622;756
623;760
624;768
625;776
626;770
627;763
628;791
629;818
630;826
631;835
632;837
633;839
634;853
635;867
636;891
637;916
638;925
639;934
640;990
641;1046
642;1064
643;1082
644;1133
645;1184
646;1271
647;1358
648;1418
649;1477
650;1552
651;1628
652;1741
653;1855
654;1961
655;2068
656;2150
657;2233
658;2294
659;2355
660;2351
661;2347
662;2309
663;2272
664;2199
665;2127
666;2025
667;1923
668;1849
669;1775
670;1727
671;1679
672;1649
673;1618
674;1601
675;1584
676;1623
677;1663
678;1690
679;1716
680;1818
681;1919
682;2010
683;2101
684;2191
685;2281
686;2418
687;2556
688;2669
689;2782
690;2934
691;3086
692;3177
693;3268
694;3254
695;3240
696;3188
697;3137
698;2945
699;2753
700;2606
701;2460
702;2310
703;2161
704;2020
705;1880
706;1824
707;1769
708;1694
709;1620
710;1611
711;1601
712;1604
713;1608
714;1620
715;1632
716;1664
717;1697
718;1709
719;1722
720;1783
721;1845
722;1879
723;1913
724;1946
725;1979
726;1941
727;1903
728;1848
729;1793
730;1698
731;1603
732;1478
733;1354
734;1267
735;1181
736;1100
737;1019
738;980
739;941
740;904
741;868
742;840
743;813
744;801
745;788
746;790
747;792
748;788
749;784
750;780
751;777
752;782
753;787
754;800
755;813
756;854
757;895
758;924
759;954
760;1021
761;1089
762;1166
763;1243
764;1357
765;1470
766;1552
767;1633
768;1724
769;1815
770;1932
771;2049
772;2090
773;2131
774;2128
775;2126
776;2070
777;2014
778;1958
779;1903
780;1839
781;1774
782;1746
783;1718
784;1743
785;1768
786;1832
787;1896
788;1959
789;2023
790;2147
791;2272
792;2429
793;2586
794;2711
795;2836
796;2889
797;2943
798;2893
799;2844
800;2654
801;2465
802;2245
803;2026
804;1886
805;1746
806;1660
807;1575
808;1554
809;1534
810;1531
811;1528
812;1596
813;1665
814;1715
815;1765
816;1804
817;1843
818;1854
819;1865
820;1803
821;1741
822;1639
823;1538
824;1396
825;1253
826;1125
827;998
828;975
829;953
830;889
831;825
832;820
833;816
834;819
835;823
836;825
837;828
838;856
839;883
840;900
841;917
842;978
843;1040
844;1111
845;1183
846;1242
847;1301
848;1366
849;1431
850;1526
851;1622
852;1730
853;1838
854;1908
855;1979
856;2048
857;2118
858;2065
859;2012
860;1962
861;1913
862;1866
863;1820
864;1828
865;1837
866;1900
867;1964
868;2045
869;2127
870;2275
871;2423
872;2575
873;2727
874;2755
875;2783
876;2642
877;2501
878;2311
879;2121
880;1923
881;1726
882;1640
883;1555
884;1540
885;1525
886;1545
887;1565
888;1610
889;1656
890;1729
891;1803
892;1795
893;1786
894;1695
895;1604
896;1450
897;1296
898;1173
899;1050
900;985
901;920
902;903
903;885
904;870
905;855
906;861
907;868
908;896
909;923
910;967
911;1011
912;1073
913;1134
914;1200
915;1265
916;1302
917;1339
918;1339
