# Strom: -3.90 A
# Magnetfeld: -343 mT
# Schnitt bei (681,462)
# Mittelung: 1 Pixel
# Magnetfeldsensor kalibriertPixel ; Red Value
1;2978
2;2898
3;2819
4;2571
5;2324
6;2215
7;2107
8;2184
9;2262
10;2158
11;2055
12;1777
13;1499
14;1323
15;1148
16;1019
17;891
18;837
19;784
20;719
21;655
22;663
23;671
24;665
25;660
26;695
27;731
28;759
29;788
30;847
31;906
32;1107
33;1308
34;1485
35;1663
36;1798
37;1934
38;1920
39;1907
40;1990
41;2073
42;2273
43;2473
44;2723
45;2974
46;2925
47;2876
48;2605
49;2335
50;2199
51;2064
52;2135
53;2206
54;2202
55;2198
56;1968
57;1738
58;1492
59;1246
60;1089
61;933
62;856
63;779
64;747
65;715
66;692
67;669
68;652
69;635
70;646
71;657
72;680
73;704
74;727
75;751
76;836
77;921
78;1062
79;1203
80;1437
81;1672
82;1778
83;1885
84;1939
85;1993
86;1974
87;1956
88;2081
89;2206
90;2507
91;2808
92;2908
93;3008
94;2894
95;2781
96;2535
97;2289
98;2182
99;2075
100;2129
101;2184
102;2201
103;2218
104;2022
105;1827
106;1583
107;1339
108;1164
109;990
110;907
111;824
112;784
113;744
114;724
115;704
116;697
117;691
118;659
119;628
120;648
121;669
122;698
123;728
124;742
125;757
126;823
127;890
128;1034
129;1179
130;1383
131;1587
132;1745
133;1904
134;1956
135;2009
136;1971
137;1933
138;1970
139;2007
140;2193
141;2379
142;2676
143;2974
144;3072
145;3170
146;2981
147;2792
148;2540
149;2289
150;2156
151;2024
152;2118
153;2213
154;2306
155;2400
156;2273
157;2147
158;1840
159;1534
160;1384
161;1234
162;1083
163;932
164;896
165;861
166;806
167;751
168;738
169;726
170;688
171;651
172;670
173;689
174;694
175;700
176;703
177;706
178;734
179;762
180;796
181;831
182;889
183;948
184;1107
185;1266
186;1451
187;1636
188;1802
189;1969
190;1988
191;2007
192;1979
193;1951
194;1966
195;1982
196;2089
197;2197
198;2456
199;2715
200;2967
201;3220
202;3170
203;3120
204;2896
205;2672
206;2450
207;2228
208;2114
209;2000
210;2114
211;2228
212;2336
213;2444
214;2353
215;2262
216;2054
217;1847
218;1587
219;1327
220;1192
221;1057
222;964
223;871
224;822
225;773
226;758
227;744
228;736
229;728
230;686
231;644
232;660
233;677
234;672
235;668
236;668
237;669
238;670
239;671
240;717
241;764
242;785
243;806
244;889
245;973
246;1089
247;1206
248;1374
249;1543
250;1709
251;1876
252;1986
253;2097
254;2086
255;2075
256;2026
257;1978
258;1995
259;2013
260;2118
261;2224
262;2407
263;2590
264;2841
265;3092
266;3197
267;3302
268;3212
269;3123
270;2855
271;2588
272;2377
273;2166
274;2090
275;2015
276;2036
277;2058
278;2210
279;2362
280;2427
281;2493
282;2329
283;2166
284;1965
285;1765
286;1538
287;1312
288;1224
289;1137
290;1049
291;961
292;901
293;842
294;805
295;768
296;748
297;729
298;727
299;726
300;697
301;668
302;674
303;680
304;663
305;646
306;653
307;660
308;689
309;719
310;706
311;693
312;742
313;791
314;805
315;819
316;858
317;897
318;991
319;1086
320;1191
321;1296
322;1426
323;1556
324;1750
325;1945
326;2028
327;2111
328;2092
329;2073
330;2084
331;2095
332;1997
333;1900
334;1933
335;1967
336;2071
337;2175
338;2341
339;2508
340;2699
341;2890
342;3142
343;3394
344;3409
345;3424
346;3307
347;3191
348;2983
349;2775
350;2617
351;2459
352;2282
353;2106
354;2099
355;2093
356;2113
357;2133
358;2271
359;2410
360;2461
361;2513
362;2468
363;2424
364;2278
365;2133
366;1951
367;1769
368;1617
369;1465
370;1333
371;1201
372;1142
373;1083
374;990
375;897
376;877
377;857
378;820
379;784
380;768
381;753
382;753
383;753
384;736
385;719
386;706
387;693
388;684
389;675
390;664
391;653
392;666
393;680
394;673
395;666
396;689
397;713
398;684
399;655
400;701
401;748
402;745
403;742
404;756
405;771
406;822
407;873
408;899
409;926
410;982
411;1039
412;1126
413;1214
414;1336
415;1458
416;1559
417;1661
418;1799
419;1938
420;2030
421;2122
422;2155
423;2189
424;2202
425;2215
426;2146
427;2078
428;2049
429;2020
430;2002
431;1984
432;1990
433;1996
434;2077
435;2158
436;2222
437;2286
438;2378
439;2470
440;2685
441;2901
442;3157
443;3414
444;3451
445;3489
446;3521
447;3553
448;3463
449;3373
450;3287
451;3201
452;3048
453;2896
454;2748
455;2601
456;2449
457;2297
458;2235
459;2173
460;2133
461;2093
462;2120
463;2147
464;2180
465;2213
466;2251
467;2289
468;2410
469;2532
470;2560
471;2588
472;2570
473;2553
474;2514
475;2475
476;2346
477;2218
478;2070
479;1922
480;1766
481;1610
482;1561
483;1512
484;1431
485;1350
486;1259
487;1168
488;1116
489;1064
490;1008
491;953
492;934
493;915
494;907
495;899
496;876
497;853
498;843
499;833
500;816
501;800
502;782
503;764
504;748
505;733
506;732
507;731
508;716
509;702
510;691
511;680
512;687
513;695
514;694
515;693
516;686
517;680
518;684
519;688
520;687
521;686
522;677
523;669
524;692
525;715
526;720
527;726
528;715
529;704
530;706
531;709
532;715
533;722
534;728
535;735
536;727
537;719
538;702
539;686
540;743
541;800
542;787
543;775
544;802
545;830
546;836
547;842
548;835
549;828
550;850
551;873
552;890
553;908
554;926
555;944
556;978
557;1013
558;1024
559;1035
560;1071
561;1108
562;1141
563;1175
564;1241
565;1308
566;1356
567;1405
568;1428
569;1452
570;1548
571;1645
572;1686
573;1727
574;1780
575;1833
576;1881
577;1929
578;1991
579;2053
580;2108
581;2164
582;2186
583;2209
584;2214
585;2220
586;2209
587;2198
588;2236
589;2275
590;2267
591;2260
592;2213
593;2166
594;2197
595;2229
596;2195
597;2162
598;2148
599;2135
600;2154
601;2173
602;2156
603;2140
604;2136
605;2133
606;2109
607;2086
608;2104
609;2122
610;2093
611;2064
612;2050
613;2036
614;2058
615;2080
616;2075
617;2071
618;2053
619;2035
620;2097
621;2160
622;2144
623;2129
624;2118
625;2107
626;2122
627;2138
628;2150
629;2162
630;2170
631;2178
632;2203
633;2229
634;2231
635;2233
636;2259
637;2286
638;2276
639;2266
640;2293
641;2320
642;2365
643;2410
644;2439
645;2468
646;2498
647;2528
648;2519
649;2510
650;2546
651;2583
652;2594
653;2606
654;2641
655;2677
656;2679
657;2681
658;2691
659;2701
660;2759
661;2817
662;2800
663;2783
664;2804
665;2825
666;2836
667;2848
668;2842
669;2837
670;2861
671;2885
672;2899
673;2914
674;2892
675;2870
676;2870
677;2870
678;2877
679;2885
680;2904
681;2923
682;2916
683;2910
684;2949
685;2988
686;2967
687;2947
688;2974
689;3001
690;2966
691;2932
692;2936
693;2941
694;2878
695;2816
696;2839
697;2863
698;2844
699;2825
700;2809
701;2794
702;2826
703;2859
704;2778
705;2697
706;2715
707;2734
708;2695
709;2657
710;2653
711;2650
712;2658
713;2666
714;2615
715;2564
716;2533
717;2502
718;2509
719;2517
720;2519
721;2522
722;2451
723;2380
724;2382
725;2384
726;2374
727;2364
728;2317
729;2271
730;2250
731;2229
732;2206
733;2184
734;2166
735;2149
736;2143
737;2138
738;2146
739;2155
740;2149
741;2144
742;2135
743;2126
744;2096
745;2067
746;2082
747;2097
748;2065
749;2033
750;2051
751;2069
752;2085
753;2102
754;2077
755;2053
756;2064
757;2076
758;2086
759;2097
760;2092
761;2087
762;2094
763;2102
764;2134
765;2166
766;2142
767;2118
768;2153
769;2188
770;2185
771;2182
772;2204
773;2226
774;2183
775;2140
776;2194
777;2248
778;2252
779;2257
780;2265
781;2273
782;2243
783;2213
784;2205
785;2198
786;2133
787;2069
788;2028
789;1987
790;1927
791;1867
792;1852
793;1838
794;1739
795;1641
796;1563
797;1485
798;1474
799;1463
800;1394
801;1325
802;1267
803;1210
804;1213
805;1217
806;1151
807;1086
808;1066
809;1046
810;1015
811;984
812;978
813;973
814;924
815;875
816;888
817;902
818;882
819;862
820;843
821;824
822;810
823;797
824;766
825;735
826;752
827;769
828;747
829;726
830;733
831;740
832;728
833;717
834;718
835;719
836;711
837;704
838;718
839;733
840;726
841;720
842;711
843;702
844;689
845;677
846;705
847;733
848;727
849;722
850;723
851;724
852;727
853;731
854;736
855;742
856;734
857;726
858;730
859;735
860;746
861;757
862;748
863;739
864;736
865;733
866;778
867;824
868;857
869;891
870;889
871;888
872;886
873;884
874;928
875;973
876;1010
877;1048
878;1081
879;1115
880;1191
881;1268
882;1344
883;1421
884;1497
885;1574
886;1716
887;1858
888;1960
889;2062
890;2182
891;2302
892;2392
893;2482
894;2525
895;2568
896;2560
897;2553
898;2492
899;2431
900;2365
901;2300
902;2229
903;2158
904;2128
905;2098
906;2106
907;2115
908;2169
909;2224
910;2343
911;2462
912;2537
913;2613
914;2793
915;2974
916;3100
917;3227
918;3341
919;3456
920;3478
921;3500
922;3456
923;3413
924;3261
925;3109
926;2959
927;2810
928;2646
929;2482
930;2367
931;2253
932;2167
933;2082
934;2067
935;2053
936;2057
937;2062
938;2082
939;2102
940;2140
941;2178
942;2212
943;2246
944;2221
945;2197
946;2138
947;2080
948;1970
949;1860
950;1742
951;1625
952;1522
953;1419
954;1321
955;1223
956;1135
957;1048
958;1004
959;961
960;916
961;871
962;856
963;842
964;808
965;775
966;793
967;811
968;778
969;746
970;748
971;751
972;741
973;731
974;747
975;764
976;735
977;706
978;715
979;724
980;731
981;739
982;759
983;779
984;772
985;766
986;782
987;799
988;816
989;833
990;881
991;930
992;962
993;995
994;1054
995;1114
996;1199
997;1285
998;1435
999;1585
1000;1711
1001;1838
1002;2053
1003;2269
1004;2391
1005;2513
1006;2506
1007;2499
1008;2381
1009;2264
1010;2213
1011;2162
1012;2124
1013;2087
1014;2219
1015;2351
1016;2441
1017;2532
1018;2765
1019;2998
1020;3151
1021;3305
1022;3419
1023;3533
1024;3396
1025;3260
1026;3018
1027;2777
1028;2578
1029;2380
1030;2313
1031;2246
1032;2171
1033;2097
1034;2100
1035;2104
1036;2088
1037;2073
1038;2095
1039;2117
1040;2109
1041;2102
1042;1990
1043;1878
1044;1697
1045;1516
1046;1410
1047;1305
1048;1151
1049;997
1050;982
1051;968
1052;918
1053;868
1054;832
1055;797
1056;780
1057;764
1058;767
1059;771
1060;725
1061;680
1062;694
1063;708
1064;724
1065;740
1066;714
1067;689
1068;714
1069;739
1070;749
1071;759
1072;830
1073;901
1074;898
1075;895
1076;961
1077;1028
1078;1110
1079;1192
1080;1340
1081;1489
1082;1685
1083;1882
1084;2130
1085;2379
1086;2448
1087;2517
1088;2445
1089;2373
1090;2298
1091;2224
1092;2184
1093;2144
1094;2273
1095;2402
1096;2558
1097;2714
1098;2994
1099;3274
1100;3291
1101;3309
1102;3147
1103;2985
1104;2751
1105;2517
1106;2323
1107;2129
1108;2066
1109;2004
1110;2029
1111;2055
1112;2088
1113;2122
1114;2123
1115;2124
1116;1949
1117;1774
1118;1624
1119;1474
1120;1324
1121;1175
1122;1098
1123;1021
1124;941
1125;862
1126;815
1127;769
1128;751
1129;733
1130;729
1131;726
1132;737
1133;749
1134;745
1135;742
1136;736
1137;731
1138;741
1139;751
1140;783
1141;815
1142;821
1143;828
1144;887
1145;946
1146;1038
1147;1130
1148;1322
1149;1514
1150;1711
1151;1909
1152;2107
1153;2306
1154;2306
1155;2306
1156;2255
1157;2204
1158;2148
1159;2093
1160;2249
1161;2406
1162;2601
1163;2797
1164;2961
1165;3125
1166;3146
1167;3167
1168;2899
1169;2632
1170;2414
1171;2197
1172;2084
1173;1971
1174;1975
1175;1980
1176;2028
1177;2076
1178;2020
1179;1964
1180;1784
1181;1605
1182;1431
1183;1257
1184;1119
1185;982
1186;916
1187;850
1188;793
1189;737
1190;745
1191;753
1192;731
1193;709
1194;712
1195;715
1196;691
1197;668
1198;707
1199;746
1200;757
1201;769
1202;817
1203;866
1204;953
1205;1041
1206;1157
1207;1274
1208;1445
1209;1616
1210;1905
1211;2195
1212;2267
1213;2340
1214;2235
1215;2131
1216;2129
1217;2127
1218;2324
1219;2521
1220;2720
1221;2919
1222;2985
1223;3052
1224;2921
1225;2790
1226;2580
1227;2370
1228;2204
1229;2038
1230;1994
1231;1951
1232;1977
1233;2004
1234;1941
1235;1878
1236;1701
1237;1525
1238;1356
1239;1188
1240;1054
1241;921
1242;891
1243;862
1244;791
1245;720
1246;722
1247;724
1248;726
1249;729
1250;725
1251;722
1252;753
1253;784
1254;780
1255;777
1256;829
1257;881
1258;1013
1259;1146
1260;1312
1261;1479
1262;1732
1263;1985
1264;2122
1265;2260
1266;2198
1267;2137
1268;2157
1269;2177
1270;2328
1271;2479
1272;2642
1273;2806
1274;2952
1275;3098
1276;2876
1277;2655
1278;2446
1279;2237
1280;2117
1281;1998
1282;2000
1283;2002
1284;1973
1285;1944
1286;1785
1287;1627
1288;1447
1289;1268
1290;1112
1291;957
1292;882
1293;808
1294;788
1295;768
1296;744
1297;720
1298;716
1299;713
1300;716
1301;719
1302;733
1303;748
1304;790
1305;833
1306;915
1307;997
1308;1167
1309;1337
1310;1551
1311;1765
1312;2007
1313;2249
1314;2222
1315;2195
1316;2211
1317;2228
1318;2354
1319;2481
1320;2724
1321;2967
1322;2909
1323;2852
1324;2678
1325;2504
1326;2305
1327;2106
1328;2049
1329;1993
1330;1985
1331;1978
1332;1839
1333;1700
1334;1513
1335;1327
1336;1179
1337;1032
1338;955
1339;879
1340;825
1341;771
1342;752
1343;733
1344;723
1345;713
1346;736
1347;760
1348;796
1349;833
1350;868
1351;904
1352;1057
1353;1210
1354;1439
1355;1669
1356;1846
1357;2024
1358;2075
1359;2127
1360;2184
1361;2242
1362;2368
1363;2495
1364;2684
1365;2874
1366;2885
1367;2897
1368;2897
